1   868.513
2   828.21
3   769.091
4   755.667
5   741.453
6   728.116
7   705.258
8   675.046
9   672.253
10   671.451
11   624.397
12   607.478
13   606.3
14   580.974
15   574.903
16   574.903
17   574.399
18   566.104
19   551.789
20   543.82
21   520.698
22   515.308
23   514.263
24   508.107
25   504.905
26   497.627
27   495.26
28   495.26
29   488.69
30   476.882
31   476.81
32   470.129
33   460.612
34   456.824
35   450.361
36   445.51
37   424.984
38   418.6
39   417.532
40   417.532
41   417.532
42   417.532
43   415.881
44   415.881
45   409.401
46   409.401
47   397.102
48   397.102
49   395.807
50   386.684
51   386.684
52   383.61
53   383.61
54   381.301
55   381.301
56   381.301
57   381.301
58   379.03
59   364.794
60   364.794
61   364.794
62   364.794
63   363.384
64   363.384
65   363.384
66   363.384
67   363.294
68   363.294
69   362.766
70   359.615
71   359.19
72   359.19
73   358.574
74   358.574
75   358.574
76   358.574
77   358.574
78   355.834
79   355.834
80   354.894
81   354.894
82   354.73
83   352.06
84   352.06
85   350.125
86   350.125
87   346.431
88   346.431
89   345.19
90   345.19
91   345.19
92   344.036
93   343.485
94   343.485
95   341.352
96   341.352
97   341.352
98   336.919
99   336.919
100   334.384
101   334.384
102   334.384
103   331.121
104   331.121
105   331.121
106   331.121
107   331.121
108   327.542
109   327.542
110   324.448
111   324.448
112   324.448
113   324.448
114   324.448
115   324.448
116   324.448
117   324.448
118   324.448
119   324.448
120   324.448
121   324.448
122   324.448
123   324.448
124   324.448
125   314.805
126   314.805
127   314.805
128   314.805
129   314.805
130   314.805
131   314.719
132   314.719
133   314.719
134   314.719
135   314.719
136   313.027
137   313.027
138   312.726
139   312.726
140   312.726
141   312.726
142   312.726
143   312.726
144   309.902
145   309.902
146   309.902
147   303.925
148   303.925
149   303.925
150   303.925
151   303.925
152   303.925
153   303.668
154   303.668
155   303.668
156   303.668
157   303.668
158   303.668
159   303.668
160   303.668
161   303.668
162   303.668
163   303.668
164   303.668
165   303.257
166   303.257
167   303.257
168   303.006
169   303.006
170   303.006
171   303.006
172   300.009
173   300.009
174   300.009
175   300.009
176   300.009
177   300.009
178   297.615
179   297.615
180   297.615
181   297.615
182   297.615
183   296.217
184   296.217
185   296.217
186   296.217
187   295.731
188   295.731
189   295.731
190   295.731
191   295.731
192   295.731
193   295.731
194   295.731
195   295.731
196   295.011
197   295.011
198   295.011
199   295.011
200   295.011
201   295.011
202   295.011
203   295.011
204   293.337
205   293.337
206   293.337
207   293.337
208   293.337
209   293.337
210   293.337
211   293.337
212   293.337
213   293.337
214   293.337
215   293.337
216   289.566
217   289.566
218   289.566
219   289.566
220   289.566
221   289.566
222   289.566
223   289.566
224   289.566
225   289.566
226   289.566
227   289.566
228   289.566
229   289.566
230   289.566
231   289.566
232   289.566
233   289.566
234   289.566
235   289.566
236   289.566
237   289.566
238   289.566
239   289.566
240   289.566
241   289.566
242   289.566
243   289.566
244   289.566
245   289.566
246   289.566
247   289.566
248   289.566
249   289.566
250   289.566
251   289.566
252   289.566
253   289.566
254   289.566
255   289.396
256   289.396
257   289.396
258   289.396
259   289.396
260   289.396
261   289.396
262   289.396
263   285.604
264   285.604
265   285.604
266   285.604
267   285.604
268   285.604
269   285.604
270   285.604
271   285.604
272   285.604
273   285.604
274   285.604
275   285.604
276   285.604
277   285.604
278   285.604
279   285.604
280   285.604
281   285.604
282   285.604
283   285.604
284   285.604
285   285.604
286   285.604
287   285.604
288   285.604
289   285.604
290   285.604
291   285.604
292   285.604
293   285.604
294   285.604
295   285.604
296   285.604
297   285.604
298   285.604
299   285.604
300   285.604
301   285.604
302   285.604
303   285.604
304   285.604
305   285.604
306   285.604
307   285.604
308   285.604
309   285.604
310   285.604
311   284.854
312   284.854
313   284.854
314   284.854
315   284.854
316   284.854
317   284.854
318   284.854
319   284.854
320   284.854
321   284.854
322   284.854
323   284.854
324   284.854
325   284.854
326   284.854
327   284.854
328   284.854
329   284.854
330   284.854
331   284.854
332   284.854
333   284.854
334   284.269
335   284.269
336   284.269
337   284.269
338   284.269
339   284.269
340   284.269
341   284.269
342   284.269
343   284.269
344   284.269
345   284.269
346   284.269
347   284.269
348   284.269
349   284.269
350   284.269
351   284.269
352   284.269
353   284.269
354   284.269
355   284.269
356   284.269
357   284.269
358   284.269
359   284.269
360   284.269
361   284.269
362   284.269
363   284.269
364   284.269
365   284.269
366   284.269
367   284.269
368   284.269
369   284.269
370   284.269
371   284.269
372   284.269
373   284.269
374   284.269
375   284.269
376   284.269
377   284.269
378   284.269
379   284.269
380   284.269
381   284.269
382   284.269
383   284.269
384   284.269
385   284.269
386   284.269
387   284.269
388   284.269
389   284.269
390   284.269
391   284.269
392   284.269
393   284.269
394   284.269
395   284.269
396   284.269
397   284.269
398   284.269
399   284.269
400   284.269
401   284.269
402   284.269
403   284.269
404   284.269
405   284.269
406   284.269
407   284.269
408   284.269
409   284.269
410   284.269
411   284.269
412   284.269
413   284.269
414   284.269
415   284.269
416   284.269
417   284.269
418   284.269
419   284.269
420   284.269
421   284.269
422   284.269
423   284.269
424   284.269
425   284.269
426   284.269
427   284.269
428   284.269
429   284.269
430   284.269
431   284.269
432   284.269
433   284.269
434   284.269
435   284.269
436   284.269
437   284.269
438   284.269
439   284.269
440   284.269
441   284.269
442   284.269
443   284.269
444   284.269
445   284.269
446   284.269
447   284.269
448   284.269
449   284.269
450   284.269
451   284.269
452   284.269
453   284.269
454   284.269
455   284.269
456   284.269
457   284.269
458   284.269
459   284.269
460   284.269
461   284.269
462   284.269
463   284.269
464   284.269
465   284.269
466   284.269
467   284.269
468   284.269
469   284.269
470   284.269
471   284.269
472   284.269
473   284.269
474   284.269
475   284.269
476   284.269
477   284.269
478   284.269
479   284.269
480   284.269
481   284.269
482   284.269
483   284.269
484   284.269
485   284.269
486   284.269
487   284.269
488   284.269
489   284.269
490   284.269
491   284.269
492   284.269
493   284.269
494   284.269
495   284.269
496   284.269
497   284.269
498   284.269
499   284.269
500   284.269
501   284.269
502   284.269
503   284.269
504   284.269
505   284.269
506   284.269
507   284.269
508   284.269
509   284.269
510   284.269
511   284.269
512   284.269
513   284.269
514   284.269
515   284.269
516   284.269
517   284.269
518   284.269
519   284.269
520   284.269
521   284.269
522   284.269
523   284.269
524   284.269
525   284.269
526   284.269
527   284.269
528   284.269
529   284.269
530   284.269
531   284.269
532   284.269
533   284.269
534   284.269
535   284.269
536   284.269
537   284.269
538   284.269
539   284.269
540   284.269
541   284.269
542   284.269
543   284.269
544   284.269
545   284.269
546   284.269
547   284.269
548   284.269
549   284.269
550   284.269
551   284.269
552   284.269
553   284.269
554   284.269
555   284.269
556   284.269
557   284.269
558   284.269
559   284.269
560   284.269
561   284.269
562   284.269
563   284.269
564   284.269
565   284.269
566   284.269
567   284.269
568   284.269
569   284.269
570   284.269
571   284.269
572   284.269
573   284.269
574   284.269
575   284.269
576   284.269
577   284.269
578   284.269
579   284.269
580   284.269
581   284.269
582   284.269
583   284.269
584   284.269
585   284.269
586   284.269
587   284.269
588   284.269
589   284.269
590   284.269
591   284.269
592   284.269
593   284.269
594   284.269
595   284.269
596   284.269
597   284.269
598   284.269
599   284.269
600   284.269
601   284.269
602   284.269
603   284.269
604   284.269
605   284.269
606   284.269
607   284.269
608   284.269
609   284.269
610   284.269
611   284.269
612   284.269
613   284.269
614   284.269
615   284.269
616   284.269
617   284.269
618   284.269
619   284.269
620   284.269
621   284.269
622   284.269
623   284.269
624   284.269
625   284.269
626   284.269
627   284.269
628   284.269
629   284.269
630   284.269
631   284.269
632   284.269
633   284.269
634   284.269
635   284.269
636   284.269
637   284.269
638   284.269
639   284.269
640   284.269
641   284.269
642   284.269
643   284.269
644   284.269
645   284.269
646   284.269
647   284.269
648   284.269
649   284.269
650   284.269
651   284.269
652   284.269
653   284.269
654   284.269
655   284.269
656   284.269
657   284.269
658   284.269
659   284.269
660   284.269
661   284.269
662   284.269
663   284.269
664   284.269
665   284.269
666   284.269
667   284.269
668   284.269
669   284.269
670   284.269
671   284.269
672   284.269
673   284.269
674   284.269
675   284.269
676   284.269
677   284.269
678   284.269
679   284.269
680   284.269
681   284.269
682   284.269
683   284.269
684   284.269
685   284.269
686   284.269
687   284.269
688   284.269
689   284.269
690   284.269
691   284.269
692   284.269
693   284.269
694   284.269
695   284.269
696   284.269
697   284.269
698   284.269
699   284.269
700   284.269
701   284.269
702   284.269
703   284.269
704   284.269
705   284.269
706   284.269
707   284.269
708   284.269
709   284.269
710   284.269
711   284.269
712   284.269
713   284.269
714   284.269
715   284.269
716   284.269
717   284.269
718   284.269
719   284.269
720   284.269
721   284.269
722   284.269
723   284.269
724   284.269
725   284.269
726   284.269
727   284.269
728   284.269
729   284.269
730   284.269
731   284.269
732   284.269
733   284.269
734   284.269
735   284.269
736   284.269
737   284.269
738   284.269
739   284.269
740   284.269
741   284.269
742   284.269
743   284.269
744   284.269
745   284.269
746   284.269
747   284.269
748   284.269
749   284.06
750   284.06
751   284.06
752   284.06
753   284.06
754   284.06
755   284.06
756   284.06
757   284.06
758   284.06
759   284.06
760   284.06
761   284.06
762   284.06
763   284.06
764   284.06
765   284.06
766   284.06
767   284.06
768   284.06
769   284.06
770   284.06
771   284.06
772   284.06
773   284.06
774   284.06
775   284.06
776   284.06
777   284.06
778   284.06
779   284.06
780   284.06
781   284.06
782   284.06
783   284.06
784   284.06
785   284.06
786   284.06
787   284.06
788   284.06
789   284.06
790   284.06
791   284.06
792   284.06
793   284.06
794   284.06
795   284.06
796   284.06
797   284.06
798   284.06
799   284.06
800   284.06
801   284.06
802   284.06
803   284.06
804   284.06
805   284.06
806   284.06
807   284.06
808   284.06
809   284.06
810   284.06
811   284.06
812   284.06
813   284.06
814   284.06
815   284.06
816   284.06
817   284.06
818   284.06
819   284.06
820   284.06
821   284.06
822   284.06
823   284.06
824   284.06
825   284.06
826   284.06
827   282.713
828   282.713
829   282.713
830   282.713
831   282.713
832   282.713
833   282.713
834   282.713
835   282.713
836   282.713
837   282.713
838   282.713
839   282.713
840   282.713
841   282.713
842   282.713
843   282.713
844   282.713
845   282.713
846   282.713
847   282.713
848   282.713
849   282.713
850   282.713
851   282.713
852   282.713
853   282.713
854   282.713
855   282.713
856   282.713
857   282.713
858   282.713
859   282.713
860   282.713
861   282.713
862   282.713
863   282.713
864   282.713
865   282.713
866   282.713
867   282.713
868   282.713
869   282.713
870   282.713
871   282.713
872   282.713
873   282.713
874   282.713
875   282.713
876   282.713
877   282.713
878   282.713
879   282.713
880   282.713
881   282.713
882   282.713
883   282.713
884   282.713
885   282.713
886   282.713
887   282.713
888   282.713
889   282.713
890   282.713
891   282.713
892   282.713
893   282.713
894   282.713
895   282.713
896   282.713
897   282.713
898   282.713
899   282.713
900   282.713
901   282.713
902   282.713
903   282.713
904   282.713
905   282.713
906   282.713
907   282.713
908   282.713
909   282.713
910   282.713
911   282.713
912   282.713
913   282.713
914   282.713
915   282.713
916   282.713
917   282.713
918   282.713
919   282.713
920   282.713
921   282.713
922   282.713
923   282.713
924   282.713
925   282.713
926   282.713
927   282.713
928   282.713
929   282.713
930   282.713
931   282.713
932   282.713
933   282.713
934   282.713
935   282.713
936   282.713
937   282.713
938   282.713
939   282.713
940   282.713
941   282.713
942   282.713
943   282.713
944   282.713
945   282.713
946   282.713
947   282.713
948   282.713
949   282.713
950   282.713
951   282.713
952   282.713
953   282.713
954   282.713
955   282.713
956   282.713
957   282.713
958   282.713
959   282.713
960   282.713
961   282.713
962   282.713
963   282.713
964   282.713
965   282.713
966   282.713
967   282.713
968   282.713
969   282.713
970   282.713
971   282.713
972   282.713
973   282.713
974   282.713
975   282.713
976   282.713
977   282.713
978   282.713
979   282.713
980   282.713
981   282.713
982   282.713
983   282.713
984   282.713
985   282.713
986   282.713
987   282.713
988   282.713
989   282.713
990   282.713
991   282.713
992   282.713
993   282.713
994   282.713
995   282.713
996   282.713
997   282.713
998   282.713
999   282.713
1000   282.713
1   900.708
2   840.526
3   813.353
4   745.207
5   703.341
6   692.949
7   677.407
8   648.601
9   643.56
10   635.998
11   628.956
12   605.666
13   605.666
14   590.381
15   578.82
16   578.82
17   578.82
18   578.659
19   567.668
20   566.487
21   546.781
22   543.736
23   543.736
24   539.315
25   526.667
26   526.667
27   526.667
28   501.463
29   499.731
30   499.731
31   496.751
32   488.428
33   476.599
34   476.599
35   472.963
36   455.794
37   455.794
38   455.794
39   453.773
40   447.022
41   431.497
42   431.497
43   429.418
44   428.67
45   421.478
46   421.478
47   416.95
48   416.95
49   414.265
50   414.265
51   410.233
52   410.233
53   410.096
54   405.719
55   404.632
56   404.007
57   404.007
58   403.95
59   403.95
60   399.962
61   399.962
62   394.232
63   394.232
64   394.232
65   394.232
66   392.991
67   392.991
68   390.059
69   390.059
70   387.915
71   383.827
72   380.911
73   375.902
74   375.902
75   374.767
76   374.767
77   372.967
78   368.018
79   368.018
80   366.333
81   366.333
82   364.604
83   362.174
84   360.862
85   360.862
86   360.053
87   357.546
88   357.546
89   357.546
90   352.949
91   352.949
92   352.949
93   350.965
94   350.965
95   346.76
96   346.317
97   346.317
98   346.317
99   346.317
100   341.235
101   341.235
102   341.235
103   341.235
104   341.235
105   341.235
106   341.235
107   341.235
108   341.235
109   341.235
110   341.235
111   341.235
112   341.235
113   341.235
114   337.921
115   337.921
116   336.691
117   336.691
118   336.661
119   336.661
120   333.96
121   333.96
122   332.204
123   332.204
124   332.204
125   331.817
126   331.311
127   328.954
128   328.954
129   328.954
130   328.082
131   328.082
132   328.082
133   328.082
134   328.082
135   326.941
136   326.445
137   320.097
138   320.097
139   320.097
140   319.103
141   318.768
142   318.304
143   318.304
144   318.304
145   318.304
146   318.304
147   317.029
148   317.029
149   317.029
150   317.029
151   317.029
152   317.029
153   315.964
154   315.964
155   315.964
156   315.964
157   315.964
158   314.925
159   314.925
160   312.081
161   312.081
162   311.385
163   311.385
164   311.385
165   311.385
166   311.385
167   311.385
168   311.385
169   311.385
170   311.385
171   307.515
172   307.515
173   307.47
174   307.47
175   307.47
176   306.468
177   306.468
178   306.468
179   306.426
180   306.426
181   304.143
182   304.143
183   304.143
184   304.143
185   304.143
186   304.143
187   303.814
188   302.363
189   302.363
190   302.363
191   302.363
192   302.169
193   302.169
194   302.169
195   302.169
196   302.169
197   302.169
198   302.169
199   302.169
200   302.169
201   302.169
202   296.62
203   296.62
204   296.62
205   296.62
206   296.62
207   296.62
208   296.62
209   295.304
210   293.168
211   293.168
212   293.168
213   293.168
214   293.168
215   293.168
216   293.168
217   293.168
218   293.168
219   293.168
220   293.168
221   293.168
222   293.168
223   290.182
224   290.182
225   290.182
226   290.182
227   290.182
228   290.182
229   290.182
230   289.555
231   289.555
232   289.555
233   289.555
234   289.555
235   289.555
236   289.555
237   289.555
238   289.555
239   289.555
240   289.555
241   289.555
242   289.555
243   289.555
244   289.555
245   289.555
246   289.555
247   289.555
248   289.555
249   289.555
250   289.555
251   286.788
252   286.788
253   286.788
254   286.788
255   286.788
256   286.788
257   286.788
258   286.788
259   286.788
260   286.788
261   286.715
262   286.715
263   286.715
264   286.715
265   286.715
266   286.715
267   286.715
268   286.715
269   286.715
270   286.715
271   286.715
272   286.715
273   286.715
274   286.61
275   286.61
276   286.61
277   286.61
278   286.61
279   286.61
280   286.61
281   286.61
282   286.61
283   286.61
284   286.61
285   286.61
286   286.61
287   286.61
288   286.61
289   286.61
290   286.61
291   286.61
292   286.61
293   286.61
294   286.61
295   286.61
296   286.61
297   286.61
298   286.61
299   286.61
300   286.61
301   286.61
302   286.61
303   286.61
304   286.61
305   286.61
306   286.61
307   286.61
308   286.61
309   286.61
310   285.794
311   285.794
312   285.794
313   285.794
314   285.794
315   285.794
316   285.794
317   285.794
318   285.794
319   285.794
320   285.794
321   285.794
322   285.794
323   285.794
324   285.794
325   285.794
326   285.794
327   285.794
328   285.794
329   285.794
330   285.794
331   285.794
332   285.794
333   285.794
334   285.794
335   285.196
336   285.196
337   285.196
338   285.196
339   285.196
340   285.196
341   285.196
342   285.196
343   285.196
344   285.196
345   285.196
346   285.196
347   285.196
348   283.165
349   283.165
350   283.165
351   283.165
352   283.165
353   283.165
354   283.165
355   283.165
356   283.165
357   283.165
358   283.165
359   283.165
360   283.165
361   283.165
362   283.165
363   283.165
364   283.165
365   283.165
366   283.165
367   283.165
368   283.165
369   283.165
370   283.165
371   283.165
372   283.165
373   283.165
374   283.165
375   283.165
376   283.165
377   283.165
378   283.165
379   283.165
380   283.165
381   283.165
382   283.165
383   283.165
384   281.852
385   281.852
386   281.852
387   281.852
388   281.852
389   281.852
390   281.852
391   281.852
392   281.852
393   281.852
394   281.852
395   281.852
396   281.852
397   281.852
398   281.852
399   281.852
400   281.852
401   281.852
402   281.562
403   281.562
404   281.562
405   281.562
406   281.562
407   281.562
408   281.562
409   281.562
410   281.562
411   281.562
412   281.562
413   281.562
414   281.562
415   281.562
416   281.562
417   281.562
418   281.562
419   281.562
420   281.562
421   281.562
422   281.562
423   281.562
424   281.562
425   281.562
426   281.562
427   281.562
428   281.562
429   281.562
430   281.562
431   281.562
432   281.562
433   281.562
434   281.562
435   281.562
436   281.562
437   281.562
438   281.562
439   281.562
440   281.562
441   281.562
442   281.562
443   281.562
444   281.562
445   281.562
446   281.562
447   281.562
448   281.562
449   281.562
450   281.562
451   281.562
452   281.562
453   281.562
454   281.562
455   281.562
456   281.562
457   281.562
458   281.562
459   281.562
460   281.562
461   281.562
462   281.562
463   281.562
464   281.562
465   281.562
466   281.562
467   281.562
468   281.562
469   281.562
470   281.562
471   281.562
472   281.347
473   281.347
474   281.347
475   281.347
476   281.347
477   281.347
478   281.347
479   281.347
480   281.347
481   281.347
482   281.347
483   281.347
484   281.347
485   281.347
486   281.347
487   281.347
488   280.782
489   280.782
490   280.782
491   280.782
492   280.782
493   280.782
494   280.782
495   280.782
496   280.782
497   280.782
498   280.782
499   280.782
500   280.782
501   280.782
502   280.782
503   280.782
504   280.782
505   280.782
506   280.782
507   280.782
508   280.782
509   280.782
510   280.782
511   280.782
512   280.782
513   280.782
514   280.782
515   280.782
516   280.782
517   280.737
518   280.737
519   280.737
520   280.737
521   280.737
522   280.737
523   280.737
524   280.737
525   280.737
526   280.737
527   280.737
528   280.737
529   280.737
530   280.737
531   280.737
532   280.737
533   280.737
534   280.737
535   280.737
536   280.737
537   280.737
538   280.737
539   280.737
540   280.737
541   280.737
542   280.737
543   280.737
544   280.737
545   280.737
546   280.737
547   280.737
548   280.737
549   280.737
550   280.737
551   280.737
552   280.737
553   280.737
554   280.737
555   280.737
556   280.737
557   280.737
558   280.737
559   280.737
560   280.737
561   280.737
562   280.737
563   280.737
564   280.737
565   280.737
566   280.737
567   280.737
568   280.737
569   280.737
570   280.737
571   280.737
572   280.737
573   280.737
574   280.737
575   280.737
576   280.737
577   280.737
578   280.737
579   280.737
580   280.737
581   280.737
582   280.737
583   280.737
584   280.737
585   280.737
586   280.737
587   280.737
588   280.737
589   280.737
590   280.737
591   280.737
592   280.737
593   280.737
594   280.737
595   280.737
596   280.737
597   280.737
598   280.737
599   280.737
600   280.737
601   280.737
602   280.737
603   280.737
604   280.737
605   280.737
606   280.737
607   280.737
608   280.737
609   280.737
610   280.737
611   280.737
612   280.737
613   280.737
614   280.737
615   280.737
616   280.737
617   280.737
618   280.737
619   280.737
620   280.737
621   280.737
622   280.737
623   280.737
624   280.737
625   280.737
626   280.737
627   280.737
628   280.737
629   280.737
630   280.737
631   280.737
632   280.737
633   280.737
634   280.737
635   280.737
636   280.737
637   280.737
638   280.737
639   280.737
640   280.737
641   280.737
642   280.737
643   280.737
644   280.737
645   280.737
646   280.737
647   280.737
648   280.737
649   280.737
650   280.737
651   280.737
652   280.737
653   280.737
654   280.737
655   280.737
656   280.737
657   280.737
658   280.737
659   280.737
660   280.737
661   280.737
662   280.737
663   280.737
664   280.737
665   280.737
666   280.737
667   280.737
668   280.737
669   280.737
670   280.737
671   280.737
672   280.737
673   280.737
674   280.737
675   280.737
676   280.737
677   280.737
678   280.737
679   280.737
680   280.737
681   280.737
682   280.737
683   280.737
684   280.737
685   280.737
686   280.737
687   280.737
688   280.737
689   280.737
690   280.737
691   280.737
692   280.737
693   280.737
694   280.737
695   280.737
696   280.737
697   280.737
698   280.737
699   280.737
700   280.244
701   280.244
702   280.244
703   280.244
704   280.244
705   280.244
706   280.244
707   280.244
708   280.244
709   280.244
710   280.244
711   280.244
712   280.244
713   280.244
714   280.244
715   280.244
716   280.244
717   280.244
718   280.244
719   280.244
720   280.244
721   280.244
722   280.244
723   280.244
724   280.244
725   280.244
726   280.244
727   280.244
728   280.244
729   280.244
730   280.244
731   280.244
732   280.244
733   280.244
734   280.244
735   280.244
736   280.244
737   280.244
738   280.244
739   280.244
740   280.244
741   280.244
742   280.244
743   280.244
744   280.244
745   280.244
746   280.244
747   280.244
748   280.244
749   280.244
750   280.244
751   280.244
752   280.244
753   280.244
754   280.244
755   280.244
756   280.244
757   280.244
758   280.244
759   280.244
760   280.244
761   280.244
762   280.244
763   280.244
764   280.244
765   280.244
766   280.244
767   280.244
768   280.244
769   280.244
770   280.244
771   280.244
772   280.244
773   280.244
774   280.244
775   280.244
776   280.244
777   280.244
778   280.244
779   280.244
780   280.244
781   280.244
782   280.244
783   280.244
784   280.244
785   280.244
786   280.244
787   280.244
788   280.244
789   280.244
790   280.244
791   280.244
792   280.244
793   280.244
794   280.244
795   280.244
796   280.244
797   280.244
798   280.244
799   280.244
800   280.244
801   280.244
802   280.244
803   280.244
804   280.244
805   280.244
806   280.244
807   280.244
808   280.244
809   280.244
810   280.244
811   280.244
812   280.244
813   280.244
814   280.244
815   280.244
816   280.244
817   280.244
818   280.244
819   280.244
820   280.244
821   280.244
822   280.244
823   280.244
824   280.244
825   280.244
826   280.244
827   280.244
828   280.244
829   280.244
830   280.244
831   280.244
832   280.244
833   280.244
834   280.244
835   280.244
836   280.244
837   280.244
838   280.244
839   280.244
840   280.244
841   280.244
842   280.244
843   280.244
844   280.244
845   280.244
846   280.244
847   280.244
848   280.244
849   280.244
850   280.244
851   280.244
852   280.244
853   280.244
854   280.244
855   280.244
856   280.244
857   280.244
858   280.244
859   280.244
860   280.244
861   280.244
862   280.244
863   280.244
864   280.244
865   280.244
866   280.244
867   280.244
868   280.244
869   280.244
870   280.244
871   280.244
872   280.244
873   280.244
874   280.244
875   280.244
876   280.244
877   280.244
878   280.244
879   280.244
880   280.244
881   280.244
882   280.244
883   280.244
884   280.244
885   280.244
886   280.244
887   280.244
888   280.244
889   280.244
890   280.244
891   280.244
892   280.244
893   280.244
894   280.244
895   280.244
896   280.244
897   280.244
898   280.244
899   280.244
900   280.244
901   280.244
902   280.244
903   280.244
904   280.244
905   280.244
906   280.244
907   280.244
908   280.244
909   280.244
910   280.244
911   280.244
912   280.244
913   280.244
914   280.244
915   280.244
916   280.244
917   280.244
918   280.244
919   280.244
920   280.244
921   280.244
922   280.244
923   280.244
924   280.244
925   280.244
926   280.244
927   280.244
928   280.244
929   280.244
930   280.244
931   280.244
932   280.244
933   280.244
934   280.244
935   280.244
936   280.244
937   280.244
938   280.244
939   280.244
940   280.244
941   280.244
942   280.244
943   280.244
944   280.244
945   280.244
946   280.244
947   280.244
948   280.244
949   280.244
950   280.244
951   280.244
952   280.244
953   280.244
954   280.244
955   280.244
956   280.244
957   280.244
958   280.244
959   280.244
960   280.244
961   280.244
962   280.244
963   280.244
964   280.244
965   280.244
966   280.244
967   280.244
968   280.244
969   280.244
970   280.244
971   280.244
972   280.244
973   280.244
974   280.244
975   280.244
976   280.244
977   280.244
978   280.244
979   280.244
980   280.244
981   280.244
982   280.244
983   280.244
984   280.244
985   280.244
986   280.244
987   280.244
988   280.244
989   280.244
990   280.244
991   280.244
992   280.244
993   280.244
994   280.244
995   280.244
996   280.244
997   280.244
998   280.244
999   280.244
1000   280.244
1   882.714
2   828.232
3   791.984
4   754.753
5   719.453
6   699.459
7   684.697
8   667.49
9   656.649
10   656.649
11   636.742
12   636.742
13   619.345
14   581.635
15   576.777
16   573.359
17   562.194
18   551.066
19   551.066
20   543.407
21   543.407
22   523.542
23   523.542
24   521.011
25   520.537
26   505.802
27   491.237
28   491.237
29   491.237
30   491.237
31   480.516
32   461.845
33   461.845
34   461.845
35   458.947
36   457.364
37   457.364
38   454.986
39   454.986
40   452.973
41   447.551
42   444.459
43   444.459
44   444.459
45   435.503
46   435.503
47   435.015
48   431.714
49   430.805
50   429.309
51   426.3
52   418.677
53   418.602
54   418.356
55   414.39
56   408.484
57   399.986
58   399.986
59   398.319
60   395.899
61   386.777
62   386.777
63   373.964
64   373.964
65   373.964
66   368.136
67   368.136
68   368.136
69   368.136
70   367.491
71   367.491
72   366.396
73   361.715
74   361.715
75   361.715
76   361.193
77   360.367
78   360.367
79   360.367
80   360.367
81   357.286
82   356.378
83   356.378
84   349.951
85   349.951
86   349.951
87   349.951
88   347.713
89   347.713
90   346.965
91   344.995
92   344.288
93   344.288
94   344.288
95   344.288
96   343.83
97   343.83
98   343.83
99   343.83
100   343.718
101   343.718
102   343.718
103   343.718
104   342.679
105   342.679
106   342.679
107   342.679
108   341.037
109   340.377
110   340.377
111   340.377
112   340.377
113   340.338
114   339.227
115   339.227
116   337.914
117   336.602
118   336.602
119   336.602
120   335.942
121   335.942
122   335.013
123   335.013
124   335.013
125   335.013
126   335.013
127   334.809
128   334.809
129   334.809
130   333.072
131   333.072
132   328.369
133   328.369
134   328.369
135   328.369
136   328.369
137   328.369
138   328.369
139   328.369
140   327.505
141   327.505
142   327.505
143   327.505
144   327.505
145   327.505
146   325.898
147   325.898
148   325.898
149   325.898
150   324.862
151   324.862
152   323.051
153   323.051
154   323.051
155   321.103
156   321.103
157   321.103
158   321.103
159   321.103
160   321.103
161   321.103
162   321.103
163   321.103
164   321.103
165   315.766
166   315.766
167   315.766
168   315.766
169   314.781
170   313.203
171   311.745
172   311.745
173   311.745
174   311.745
175   311.745
176   311.745
177   311.745
178   311.745
179   311.745
180   311.745
181   311.745
182   311.745
183   311.745
184   311.745
185   311.745
186   311.745
187   311.745
188   311.745
189   311.745
190   311.476
191   311.476
192   311.476
193   311.476
194   311.476
195   311.476
196   311.476
197   310.895
198   310.895
199   310.895
200   310.895
201   310.895
202   310.895
203   310.895
204   310.895
205   310.895
206   310.895
207   310.895
208   310.895
209   310.895
210   310.895
211   310.895
212   309.483
213   309.483
214   307.925
215   307.925
216   307.925
217   307.925
218   307.925
219   307.925
220   307.683
221   307.683
222   307.683
223   307.683
224   307.129
225   307.129
226   307.129
227   307.129
228   307.129
229   306.121
230   306.121
231   306.121
232   306.121
233   306.121
234   306.121
235   306.121
236   306.121
237   305.831
238   304.602
239   304.602
240   304.602
241   304.602
242   304.602
243   302.344
244   302.344
245   302.344
246   302.344
247   302.344
248   302.344
249   302.344
250   302.344
251   302.344
252   302.344
253   302.344
254   302.344
255   302.019
256   302.019
257   302.019
258   299.589
259   299.589
260   299.589
261   299.589
262   299.589
263   299.589
264   299.589
265   299.589
266   299.589
267   298.895
268   298.895
269   298.895
270   298.895
271   298.895
272   298.895
273   298.895
274   298.895
275   298.895
276   298.895
277   298.895
278   298.895
279   298.895
280   298.895
281   298.895
282   298.895
283   298.895
284   298.895
285   298.895
286   298.895
287   298.895
288   298.895
289   298.895
290   298.895
291   298.895
292   298.895
293   298.895
294   298.895
295   298.895
296   298.895
297   298.895
298   298.895
299   298.895
300   298.895
301   298.895
302   298.895
303   298.895
304   298.895
305   298.895
306   298.895
307   298.895
308   298.895
309   298.895
310   298.895
311   298.895
312   298.895
313   298.895
314   298.895
315   298.895
316   298.895
317   298.895
318   298.895
319   298.895
320   298.895
321   298.895
322   298.895
323   298.895
324   298.895
325   298.895
326   298.709
327   298.709
328   298.709
329   298.709
330   298.709
331   298.709
332   298.709
333   298.709
334   298.709
335   298.309
336   298.309
337   298.309
338   297.58
339   297.58
340   297.58
341   297.58
342   297.58
343   297.58
344   297.58
345   297.58
346   297.58
347   297.58
348   297.58
349   297.58
350   297.58
351   297.58
352   295.472
353   295.472
354   295.472
355   295.472
356   295.472
357   295.472
358   295.472
359   295.472
360   295.472
361   295.472
362   295.472
363   295.472
364   295.472
365   295.472
366   295.472
367   295.472
368   295.472
369   295.472
370   295.472
371   295.472
372   295.472
373   295.389
374   295.389
375   295.389
376   295.389
377   295.389
378   295.389
379   295.389
380   295.389
381   295.389
382   295.389
383   295.389
384   295.389
385   295.389
386   295.389
387   295.389
388   295.389
389   295.389
390   295.389
391   295.389
392   295.389
393   295.389
394   295.389
395   295.389
396   295.389
397   295.389
398   295.389
399   295.389
400   295.389
401   295.389
402   295.389
403   295.389
404   295.389
405   295.389
406   295.389
407   295.389
408   295.389
409   295.389
410   295.389
411   295.389
412   295.389
413   295.389
414   294.406
415   294.406
416   294.406
417   294.406
418   294.406
419   294.406
420   294.406
421   294.406
422   294.406
423   294.406
424   294.406
425   294.406
426   294.406
427   294.406
428   294.406
429   294.406
430   294.406
431   294.406
432   294.406
433   291.978
434   291.978
435   291.978
436   291.978
437   291.978
438   291.978
439   291.978
440   291.978
441   291.978
442   291.978
443   291.978
444   291.978
445   291.978
446   291.978
447   291.978
448   291.978
449   291.978
450   291.978
451   291.978
452   291.978
453   291.978
454   291.978
455   291.978
456   291.978
457   291.978
458   291.978
459   291.978
460   291.978
461   291.978
462   291.978
463   291.978
464   291.978
465   291.978
466   291.978
467   291.978
468   291.978
469   291.978
470   291.978
471   291.978
472   291.978
473   291.978
474   291.978
475   291.978
476   291.978
477   291.978
478   291.978
479   291.978
480   291.978
481   291.978
482   291.978
483   291.978
484   291.978
485   291.978
486   291.978
487   291.978
488   291.978
489   291.978
490   291.978
491   291.978
492   291.978
493   291.978
494   291.978
495   291.978
496   291.978
497   291.978
498   291.978
499   291.978
500   291.978
501   291.978
502   291.978
503   291.978
504   291.978
505   291.978
506   291.978
507   291.978
508   291.978
509   291.978
510   291.978
511   291.978
512   291.978
513   291.978
514   291.978
515   291.978
516   291.978
517   291.978
518   291.978
519   291.978
520   291.978
521   291.978
522   291.978
523   288.207
524   288.207
525   288.207
526   288.207
527   288.207
528   288.207
529   288.207
530   288.207
531   288.207
532   288.207
533   288.207
534   288.207
535   288.207
536   288.207
537   288.207
538   288.207
539   288.207
540   288.207
541   288.207
542   288.207
543   283.725
544   283.725
545   283.725
546   283.725
547   283.725
548   283.725
549   283.725
550   283.725
551   283.725
552   283.725
553   283.725
554   283.725
555   283.725
556   283.725
557   283.725
558   283.725
559   283.725
560   283.725
561   283.725
562   283.725
563   283.725
564   283.725
565   283.725
566   283.725
567   283.725
568   283.725
569   283.725
570   283.725
571   283.725
572   283.725
573   283.725
574   283.725
575   283.725
576   283.725
577   283.725
578   283.725
579   283.725
580   283.725
581   283.725
582   283.725
583   283.725
584   283.725
585   283.725
586   283.725
587   283.725
588   283.725
589   283.725
590   283.725
591   283.725
592   283.725
593   283.725
594   283.725
595   283.725
596   283.725
597   283.725
598   283.725
599   282.994
600   282.994
601   282.994
602   282.994
603   282.994
604   282.994
605   282.994
606   282.994
607   282.994
608   282.994
609   282.994
610   282.994
611   282.994
612   282.994
613   282.994
614   282.994
615   282.994
616   282.994
617   282.994
618   282.994
619   282.994
620   282.994
621   282.994
622   282.994
623   282.994
624   282.994
625   282.994
626   282.994
627   282.994
628   282.994
629   282.994
630   282.994
631   282.994
632   282.994
633   282.994
634   282.994
635   282.994
636   282.994
637   282.994
638   282.994
639   282.994
640   282.994
641   282.994
642   282.994
643   282.911
644   282.911
645   282.911
646   282.911
647   282.911
648   282.911
649   282.911
650   282.911
651   282.911
652   282.911
653   282.911
654   282.911
655   282.911
656   282.911
657   282.911
658   282.911
659   282.911
660   282.911
661   282.911
662   282.911
663   282.911
664   282.911
665   282.911
666   282.911
667   282.911
668   282.911
669   282.911
670   282.911
671   282.911
672   282.911
673   282.911
674   282.911
675   282.911
676   282.911
677   282.911
678   282.911
679   282.911
680   282.911
681   282.911
682   282.911
683   282.911
684   282.911
685   282.911
686   282.911
687   282.911
688   282.911
689   282.911
690   282.911
691   282.911
692   282.911
693   282.911
694   282.911
695   282.911
696   282.911
697   282.911
698   282.911
699   282.911
700   282.911
701   282.911
702   282.911
703   282.911
704   282.911
705   282.911
706   282.911
707   282.911
708   282.911
709   282.911
710   282.911
711   282.911
712   282.911
713   282.911
714   282.911
715   282.911
716   282.911
717   282.911
718   282.911
719   282.911
720   282.911
721   282.911
722   282.911
723   282.911
724   282.911
725   282.911
726   282.911
727   282.911
728   282.911
729   282.911
730   282.911
731   282.911
732   282.911
733   282.911
734   282.911
735   282.911
736   282.911
737   282.911
738   282.911
739   282.911
740   282.911
741   282.911
742   282.911
743   282.911
744   282.911
745   282.911
746   282.911
747   282.911
748   282.911
749   282.911
750   282.911
751   282.911
752   282.911
753   282.911
754   282.911
755   282.911
756   282.911
757   282.911
758   282.911
759   282.911
760   282.911
761   282.911
762   282.911
763   282.911
764   282.911
765   282.911
766   282.911
767   282.911
768   282.911
769   282.911
770   282.911
771   282.911
772   282.911
773   282.911
774   282.911
775   282.911
776   282.911
777   282.911
778   282.911
779   282.911
780   282.911
781   282.911
782   282.911
783   282.911
784   282.911
785   282.911
786   282.911
787   282.911
788   282.911
789   282.911
790   282.911
791   282.911
792   282.911
793   282.911
794   282.911
795   282.911
796   282.911
797   282.911
798   282.911
799   282.911
800   282.911
801   282.911
802   282.911
803   282.911
804   282.911
805   282.911
806   282.911
807   282.911
808   282.911
809   282.911
810   282.911
811   282.911
812   282.911
813   282.911
814   282.911
815   282.911
816   282.911
817   282.911
818   282.911
819   282.911
820   282.911
821   282.911
822   282.911
823   282.911
824   282.911
825   282.911
826   282.911
827   282.911
828   282.911
829   282.911
830   282.911
831   282.911
832   282.911
833   282.911
834   282.911
835   282.911
836   282.911
837   282.911
838   282.911
839   282.911
840   282.911
841   282.911
842   282.911
843   282.911
844   282.911
845   282.911
846   282.911
847   282.911
848   282.911
849   282.911
850   282.911
851   282.911
852   282.911
853   282.911
854   282.911
855   282.911
856   282.911
857   282.911
858   282.911
859   282.911
860   282.911
861   282.911
862   282.911
863   282.911
864   282.911
865   282.911
866   282.911
867   282.911
868   282.911
869   282.911
870   282.911
871   282.911
872   282.911
873   282.911
874   282.911
875   282.911
876   282.911
877   282.911
878   282.911
879   282.911
880   282.911
881   282.911
882   282.911
883   282.911
884   282.911
885   282.911
886   282.911
887   282.911
888   282.911
889   282.911
890   282.911
891   282.911
892   282.911
893   282.911
894   282.911
895   282.911
896   282.911
897   282.911
898   282.911
899   282.911
900   282.911
901   282.911
902   282.911
903   282.911
904   282.911
905   282.911
906   282.911
907   282.911
908   282.911
909   282.911
910   282.911
911   282.911
912   282.911
913   282.911
914   282.911
915   282.911
916   282.911
917   282.911
918   282.911
919   282.911
920   282.911
921   282.911
922   282.911
923   282.911
924   282.911
925   282.911
926   282.911
927   282.911
928   282.911
929   282.911
930   282.911
931   282.911
932   282.911
933   282.911
934   282.911
935   282.911
936   282.911
937   282.911
938   282.911
939   282.911
940   282.911
941   282.911
942   282.911
943   282.911
944   282.911
945   282.911
946   282.911
947   282.911
948   282.911
949   282.911
950   282.911
951   282.911
952   282.911
953   282.911
954   282.911
955   282.911
956   282.911
957   282.911
958   282.911
959   282.911
960   282.911
961   282.911
962   282.911
963   282.911
964   282.911
965   282.911
966   282.911
967   282.911
968   282.911
969   282.911
970   282.911
971   282.911
972   282.911
973   282.911
974   282.911
975   282.911
976   282.911
977   282.911
978   282.911
979   282.911
980   282.911
981   282.911
982   282.911
983   282.911
984   282.911
985   282.911
986   282.911
987   282.911
988   282.911
989   282.911
990   282.911
991   282.911
992   282.911
993   282.911
994   282.911
995   282.911
996   282.911
997   282.911
998   282.911
999   282.911
1000   282.911
1   845.576
2   827.881
3   799.022
4   752.394
5   726.976
6   704.869
7   702.502
8   696.325
9   674.492
10   674.492
11   644.249
12   635.078
13   617.593
14   603.24
15   601.872
16   575.499
17   572.171
18   563.496
19   563.496
20   543.519
21   543.519
22   535.593
23   499.615
24   499.615
25   492.57
26   492.57
27   481.776
28   478.281
29   477.425
30   465.621
31   465.621
32   465.621
33   465.621
34   463.498
35   454.687
36   453.323
37   453.323
38   431.509
39   431.509
40   431.509
41   431.509
42   429.124
43   428.817
44   424.96
45   416.89
46   416.89
47   415.578
48   415.578
49   409.153
50   409.153
51   407.522
52   407.522
53   405.921
54   405.921
55   403.199
56   399.774
57   399.774
58   398.436
59   398.436
60   396.835
61   396.835
62   392.466
63   392.466
64   391.784
65   387.56
66   387.56
67   387.56
68   387.56
69   387.081
70   387.081
71   387.081
72   387.081
73   387.081
74   387.081
75   386.11
76   386.11
77   386.11
78   386.11
79   386.11
80   370.144
81   370.144
82   370.144
83   370.144
84   370.144
85   370.144
86   370.144
87   370.144
88   370.144
89   370.144
90   368.751
91   368.751
92   368.751
93   368.751
94   363.621
95   363.621
96   363.621
97   363.621
98   349.958
99   349.958
100   349.958
101   349.958
102   349.958
103   349.958
104   349.958
105   349.958
106   349.958
107   349.958
108   349.958
109   349.958
110   349.958
111   343.368
112   342.917
113   342.917
114   338.832
115   338.204
116   338.204
117   338.204
118   328.91
119   328.91
120   326.997
121   326.997
122   326.997
123   326.997
124   326.997
125   326.997
126   326.997
127   326.997
128   326.997
129   320.133
130   320.133
131   320.133
132   317.843
133   317.843
134   317.741
135   317.741
136   317.607
137   317.607
138   317.607
139   317.607
140   317.607
141   315.86
142   315.86
143   315.541
144   315.541
145   312.254
146   312.254
147   312.254
148   312.254
149   310.523
150   310.523
151   310.523
152   305.399
153   305.399
154   305.399
155   305.399
156   305.399
157   305.399
158   305.399
159   305.399
160   305.399
161   305.399
162   305.399
163   305.336
164   305.336
165   305.336
166   305.336
167   305.336
168   305.336
169   305.336
170   305.336
171   305.336
172   305.336
173   305.336
174   305.336
175   303.757
176   303.439
177   303.439
178   303.439
179   302.76
180   302.76
181   302.76
182   302.76
183   302.76
184   302.698
185   302.698
186   302.698
187   302.698
188   302.698
189   302.698
190   302.698
191   302.698
192   302.698
193   302.698
194   302.698
195   300.131
196   300.131
197   300.131
198   300.131
199   300.131
200   300.131
201   300.131
202   300.131
203   300.131
204   300.131
205   300.131
206   300.131
207   300.131
208   300.131
209   300.131
210   300.131
211   300.131
212   299.523
213   299.523
214   297.097
215   297.097
216   296.555
217   296.043
218   296.043
219   296.043
220   296.043
221   296.043
222   296.043
223   296.043
224   293.262
225   293.262
226   287.745
227   287.745
228   287.745
229   287.745
230   284.685
231   284.685
232   284.685
233   284.685
234   284.685
235   284.685
236   284.685
237   284.685
238   284.685
239   284.685
240   284.685
241   283.808
242   283.808
243   283.808
244   283.808
245   283.808
246   283.808
247   283.808
248   283.808
249   283.808
250   283.808
251   283.808
252   283.808
253   283.808
254   283.808
255   283.808
256   283.808
257   283.808
258   283.808
259   283.808
260   283.808
261   283.808
262   283.808
263   283.808
264   283.808
265   283.808
266   283.808
267   282.842
268   282.842
269   282.842
270   282.842
271   281.978
272   281.978
273   281.978
274   281.978
275   281.978
276   281.978
277   281.978
278   281.978
279   281.978
280   281.978
281   281.978
282   281.978
283   281.161
284   281.161
285   281.161
286   281.161
287   281.161
288   281.161
289   281.161
290   281.161
291   281.161
292   281.161
293   281.161
294   281.161
295   281.161
296   281.161
297   281.161
298   281.161
299   281.161
300   281.161
301   281.161
302   281.161
303   281.161
304   281.161
305   281.161
306   281.161
307   281.161
308   281.161
309   281.161
310   281.161
311   281.161
312   281.161
313   281.161
314   281.161
315   281.161
316   281.161
317   280.47
318   280.47
319   280.47
320   280.47
321   280.47
322   280.47
323   280.47
324   280.47
325   280.47
326   280.47
327   280.47
328   280.47
329   280.47
330   280.47
331   280.47
332   280.47
333   280.47
334   280.47
335   280.47
336   280.47
337   280.47
338   280.47
339   280.47
340   280.47
341   279.355
342   279.355
343   279.355
344   279.355
345   279.355
346   279.355
347   279.355
348   279.355
349   279.355
350   279.355
351   279.355
352   279.355
353   279.355
354   279.355
355   279.355
356   279.355
357   279.355
358   279.355
359   279.355
360   279.355
361   279.355
362   279.355
363   279.355
364   279.355
365   279.355
366   279.355
367   279.355
368   279.355
369   279.355
370   279.355
371   279.355
372   279.355
373   279.355
374   279.355
375   279.355
376   279.355
377   279.355
378   279.355
379   279.355
380   279.355
381   279.355
382   279.355
383   279.355
384   279.355
385   279.355
386   279.355
387   279.355
388   279.355
389   279.355
390   279.355
391   279.355
392   279.355
393   279.355
394   279.355
395   279.355
396   279.355
397   279.355
398   279.355
399   279.355
400   279.355
401   279.355
402   279.355
403   279.355
404   279.355
405   279.355
406   279.355
407   279.355
408   279.355
409   279.355
410   279.355
411   279.355
412   279.355
413   279.355
414   279.355
415   279.355
416   279.355
417   279.355
418   279.355
419   279.355
420   279.355
421   279.355
422   279.355
423   279.355
424   279.355
425   279.355
426   279.355
427   279.355
428   279.355
429   279.355
430   279.355
431   279.355
432   279.355
433   279.355
434   279.355
435   279.355
436   279.355
437   279.355
438   279.355
439   279.355
440   279.355
441   279.355
442   278.942
443   278.942
444   278.942
445   278.942
446   278.942
447   278.942
448   278.942
449   278.942
450   278.942
451   278.942
452   278.942
453   278.942
454   278.942
455   278.942
456   278.942
457   278.942
458   278.942
459   278.942
460   278.942
461   278.942
462   278.942
463   278.942
464   278.942
465   278.942
466   278.942
467   278.942
468   277.47
469   277.47
470   277.47
471   277.47
472   277.47
473   277.47
474   277.47
475   277.47
476   276.338
477   276.338
478   276.338
479   276.338
480   276.338
481   276.338
482   276.338
483   276.338
484   276.338
485   276.338
486   276.338
487   276.338
488   276.338
489   276.338
490   276.338
491   276.338
492   276.338
493   276.338
494   276.338
495   276.338
496   276.338
497   276.338
498   276.338
499   276.338
500   276.338
501   276.338
502   276.338
503   276.338
504   276.338
505   276.338
506   276.338
507   276.338
508   276.338
509   276.338
510   276.338
511   276.338
512   276.338
513   276.338
514   276.338
515   276.338
516   276.338
517   276.338
518   276.338
519   276.338
520   276.338
521   276.338
522   276.338
523   276.338
524   276.338
525   276.338
526   276.338
527   276.338
528   276.338
529   276.338
530   276.338
531   276.338
532   276.338
533   276.338
534   276.338
535   276.338
536   276.338
537   276.338
538   276.338
539   276.338
540   276.338
541   276.338
542   276.338
543   276.338
544   276.338
545   276.338
546   276.338
547   276.338
548   276.338
549   276.338
550   276.338
551   276.338
552   276.338
553   276.338
554   276.338
555   276.338
556   276.338
557   276.338
558   276.338
559   276.338
560   276.338
561   276.338
562   276.338
563   276.338
564   276.338
565   276.338
566   276.338
567   276.338
568   276.338
569   276.338
570   276.338
571   276.338
572   276.338
573   276.338
574   276.338
575   276.338
576   276.338
577   276.338
578   276.338
579   276.338
580   276.338
581   276.338
582   276.338
583   276.338
584   276.338
585   276.338
586   276.338
587   276.338
588   276.338
589   276.338
590   276.338
591   276.338
592   276.338
593   276.338
594   276.338
595   276.338
596   276.338
597   276.338
598   276.338
599   276.338
600   276.338
601   276.338
602   276.338
603   276.338
604   276.338
605   276.338
606   276.338
607   276.338
608   276.338
609   276.338
610   276.338
611   276.338
612   276.338
613   276.338
614   276.338
615   276.338
616   276.338
617   276.338
618   276.338
619   276.338
620   276.338
621   276.338
622   276.338
623   276.338
624   276.338
625   276.338
626   276.338
627   276.338
628   276.338
629   276.338
630   276.338
631   276.338
632   276.338
633   276.338
634   276.338
635   276.338
636   276.338
637   276.338
638   276.338
639   276.338
640   276.338
641   276.338
642   276.338
643   276.338
644   276.338
645   276.338
646   276.338
647   276.338
648   276.338
649   276.338
650   276.338
651   276.338
652   276.338
653   276.338
654   276.338
655   276.338
656   276.338
657   276.338
658   276.338
659   276.338
660   276.338
661   276.338
662   276.338
663   276.338
664   276.338
665   276.338
666   276.338
667   276.338
668   276.338
669   276.338
670   276.338
671   276.338
672   276.338
673   276.338
674   276.338
675   276.338
676   276.338
677   276.338
678   276.338
679   276.338
680   276.338
681   276.338
682   276.338
683   276.338
684   276.338
685   276.338
686   276.338
687   276.338
688   276.338
689   276.338
690   276.338
691   276.338
692   276.338
693   276.338
694   276.338
695   276.338
696   276.338
697   276.338
698   276.338
699   276.338
700   276.338
701   276.338
702   276.338
703   276.338
704   276.338
705   276.338
706   276.338
707   276.338
708   276.338
709   276.338
710   276.338
711   276.338
712   276.338
713   276.338
714   276.338
715   276.338
716   276.338
717   276.338
718   276.338
719   276.338
720   276.338
721   276.338
722   276.338
723   276.338
724   276.338
725   276.338
726   276.338
727   276.338
728   276.338
729   276.338
730   276.338
731   276.338
732   276.338
733   276.338
734   276.338
735   276.338
736   276.338
737   276.338
738   276.338
739   276.338
740   276.338
741   276.338
742   276.338
743   276.338
744   276.338
745   276.338
746   276.338
747   276.338
748   276.338
749   276.338
750   276.338
751   276.338
752   276.338
753   276.338
754   276.338
755   276.338
756   276.338
757   276.338
758   276.338
759   276.338
760   276.338
761   276.338
762   276.338
763   276.338
764   276.338
765   276.338
766   276.338
767   276.338
768   276.338
769   276.338
770   276.338
771   276.338
772   276.338
773   276.338
774   276.338
775   276.338
776   276.338
777   276.338
778   276.338
779   276.338
780   276.338
781   276.338
782   276.338
783   276.338
784   276.338
785   276.338
786   276.338
787   276.338
788   276.338
789   276.338
790   276.338
791   276.338
792   276.338
793   276.338
794   276.338
795   276.338
796   276.338
797   276.338
798   276.338
799   276.338
800   276.338
801   276.338
802   276.338
803   276.338
804   276.338
805   276.338
806   276.338
807   276.338
808   276.338
809   276.338
810   276.338
811   276.338
812   276.338
813   276.338
814   276.338
815   276.338
816   276.338
817   276.338
818   276.338
819   276.338
820   276.338
821   276.338
822   276.338
823   276.338
824   276.338
825   276.338
826   276.338
827   276.338
828   276.338
829   276.338
830   276.338
831   276.338
832   276.338
833   276.338
834   276.338
835   276.338
836   276.338
837   276.338
838   276.338
839   276.338
840   276.338
841   276.338
842   276.338
843   276.338
844   276.338
845   276.338
846   276.338
847   276.338
848   276.338
849   276.338
850   276.338
851   276.338
852   276.338
853   276.338
854   276.338
855   276.338
856   276.338
857   276.338
858   276.338
859   276.338
860   276.338
861   276.338
862   276.338
863   276.338
864   276.338
865   276.338
866   276.338
867   276.338
868   276.338
869   276.338
870   276.338
871   276.338
872   276.338
873   276.338
874   276.338
875   276.338
876   276.338
877   276.338
878   276.338
879   276.338
880   276.338
881   276.338
882   276.338
883   276.338
884   276.338
885   276.338
886   276.338
887   276.338
888   276.338
889   276.338
890   276.338
891   276.338
892   276.338
893   276.338
894   276.338
895   276.338
896   276.338
897   276.338
898   276.338
899   276.338
900   276.338
901   276.338
902   276.338
903   276.338
904   276.338
905   276.338
906   276.338
907   276.338
908   276.338
909   276.338
910   276.338
911   276.338
912   276.338
913   276.338
914   276.338
915   276.338
916   276.338
917   276.338
918   276.338
919   276.338
920   276.338
921   276.338
922   276.338
923   276.338
924   276.338
925   276.338
926   276.338
927   276.338
928   276.338
929   276.338
930   276.338
931   276.338
932   276.338
933   276.338
934   276.338
935   276.338
936   276.338
937   276.338
938   276.338
939   276.338
940   276.338
941   276.338
942   276.338
943   276.338
944   276.338
945   276.338
946   276.338
947   276.338
948   276.338
949   276.338
950   276.338
951   276.338
952   276.338
953   276.338
954   276.338
955   276.338
956   276.338
957   276.338
958   276.338
959   276.338
960   276.338
961   276.338
962   276.338
963   276.338
964   276.338
965   276.338
966   276.338
967   276.338
968   276.338
969   276.338
970   276.338
971   276.338
972   276.338
973   276.338
974   276.338
975   276.338
976   276.338
977   276.338
978   276.338
979   276.338
980   276.338
981   276.338
982   276.338
983   276.338
984   276.338
985   276.338
986   276.338
987   276.338
988   276.338
989   276.338
990   276.338
991   276.338
992   276.338
993   276.338
994   276.338
995   276.338
996   276.338
997   276.338
998   276.338
999   276.338
1000   276.338
1   914.295
2   849.875
3   748.793
4   748.793
5   735.648
6   715.508
7   703.663
8   680.738
9   672
10   632.73
11   600.502
12   600.205
13   600.205
14   594.876
15   586.911
16   570.378
17   560.559
18   552.284
19   548.27
20   529.596
21   522.327
22   505.929
23   505.929
24   489.867
25   489.867
26   482.306
27   469.491
28   469.491
29   469.061
30   458.833
31   455.967
32   455.967
33   455.463
34   450.037
35   439.262
36   430.601
37   430.601
38   430.601
39   428.841
40   428.841
41   427.562
42   427.562
43   424.209
44   424.209
45   423.703
46   412.855
47   412.855
48   405.592
49   404.852
50   400.557
51   400.557
52   400.557
53   400.557
54   398.527
55   398.527
56   395.267
57   394.846
58   391.704
59   391.704
60   391.704
61   387.129
62   384.787
63   381.222
64   380.813
65   376.171
66   376.171
67   375.746
68   375.47
69   375.137
70   375.137
71   369.768
72   369.768
73   369.768
74   369.768
75   369.768
76   363.532
77   363.532
78   363.532
79   359.735
80   359.735
81   354.658
82   354.658
83   354.658
84   343.821
85   343.821
86   343.821
87   343.579
88   343.579
89   343.579
90   340.69
91   338.947
92   338.947
93   338.947
94   334.057
95   334.057
96   334.057
97   333.72
98   333.72
99   333.72
100   330.409
101   330.409
102   330.409
103   330.409
104   327.409
105   327.409
106   327.409
107   327.409
108   327.409
109   325.736
110   325.736
111   324.027
112   324.027
113   324.027
114   324.027
115   324.027
116   324.027
117   320.969
118   320.969
119   319.253
120   319.253
121   319.253
122   317.209
123   317.209
124   317.209
125   317.209
126   317.209
127   316.97
128   316.97
129   316.235
130   316.235
131   316.235
132   316.235
133   316.235
134   316.235
135   316.235
136   316.235
137   316.235
138   312.944
139   312.944
140   312.944
141   312.944
142   312.944
143   312.944
144   312.944
145   312.944
146   312.944
147   312.623
148   312.623
149   312.623
150   312.623
151   312.623
152   312.623
153   312.623
154   312.623
155   312.623
156   312.623
157   308.707
158   308.707
159   308.707
160   304.234
161   304.234
162   304.234
163   304.234
164   304.234
165   304.234
166   304.234
167   304.234
168   304.234
169   303.581
170   303.581
171   303.581
172   303.581
173   303.581
174   303.581
175   303.581
176   303.581
177   303.581
178   303.581
179   303.581
180   303.499
181   303.499
182   303.499
183   303.091
184   303.091
185   303.091
186   303.091
187   303.091
188   303.091
189   303.091
190   303.091
191   303.091
192   303.091
193   303.091
194   300.617
195   293.484
196   293.484
197   293.484
198   293.484
199   293.484
200   293.484
201   293.484
202   293.484
203   291.792
204   291.792
205   291.792
206   291.527
207   288.528
208   288.528
209   288.528
210   288.504
211   288.313
212   288.313
213   288.313
214   288.313
215   288.313
216   288.313
217   288.313
218   288.313
219   286.715
220   286.715
221   286.715
222   286.715
223   286.715
224   286.715
225   286.715
226   286.715
227   286.715
228   285.758
229   285.758
230   284.942
231   284.942
232   284.942
233   284.942
234   284.942
235   284.942
236   284.942
237   284.942
238   284.942
239   284.942
240   284.397
241   284.397
242   284.397
243   284.397
244   284.397
245   284.397
246   284.397
247   284.397
248   284.397
249   284.397
250   284.397
251   284.397
252   284.397
253   284.397
254   284.397
255   284.397
256   284.397
257   284.397
258   284.397
259   284.397
260   284.397
261   284.397
262   284.397
263   284.397
264   284.397
265   284.397
266   284.397
267   284.397
268   284.397
269   284.397
270   284.397
271   284.397
272   284.397
273   284.397
274   284.397
275   284.397
276   284.397
277   284.397
278   284.397
279   284.397
280   284.397
281   284.397
282   284.397
283   284.397
284   284.397
285   284.397
286   284.397
287   284.397
288   284.397
289   284.397
290   284.397
291   284.397
292   284.397
293   284.397
294   284.397
295   284.397
296   284.397
297   284.397
298   284.397
299   284.397
300   284.397
301   284.397
302   284.397
303   284.128
304   284.128
305   284.128
306   284.128
307   284.128
308   284.128
309   284.128
310   284.128
311   284.128
312   284.128
313   283.165
314   283.165
315   283.165
316   283.165
317   283.165
318   283.165
319   283.165
320   283.165
321   283.165
322   283.165
323   283.165
324   283.165
325   283.165
326   283.165
327   283.165
328   283.165
329   283.165
330   283.165
331   283.165
332   283.165
333   283.165
334   283.165
335   283.165
336   283.165
337   283.165
338   283.12
339   283.12
340   283.12
341   283.12
342   283.12
343   283.12
344   283.12
345   283.12
346   283.12
347   283.12
348   283.12
349   283.12
350   283.12
351   283.12
352   283.12
353   283.12
354   283.12
355   283.12
356   283.12
357   283.12
358   283.12
359   283.12
360   283.12
361   283.12
362   283.12
363   283.12
364   283.12
365   283.12
366   283.12
367   283.12
368   283.12
369   283.12
370   283.12
371   283.12
372   283.12
373   283.12
374   283.12
375   283.12
376   283.12
377   283.12
378   283.12
379   283.12
380   283.12
381   283.12
382   283.12
383   283.12
384   283.12
385   283.12
386   283.12
387   283.12
388   283.12
389   283.12
390   283.12
391   283.12
392   283.12
393   283.12
394   283.12
395   283.12
396   283.12
397   283.12
398   283.12
399   283.12
400   283.12
401   283.12
402   283.12
403   283.12
404   283.12
405   283.12
406   283.12
407   283.12
408   283.12
409   283.12
410   283.12
411   283.12
412   283.12
413   283.12
414   283.12
415   283.12
416   283.12
417   283.12
418   283.12
419   283.12
420   283.12
421   283.12
422   283.12
423   283.12
424   283.12
425   283.12
426   283.12
427   283.12
428   283.12
429   283.12
430   283.12
431   283.12
432   283.12
433   283.12
434   283.12
435   283.12
436   283.12
437   283.12
438   283.12
439   283.12
440   283.12
441   283.12
442   283.12
443   283.12
444   283.12
445   283.12
446   283.12
447   283.12
448   283.12
449   283.12
450   283.12
451   283.12
452   283.12
453   283.12
454   283.12
455   283.12
456   283.12
457   283.12
458   283.12
459   283.12
460   283.12
461   283.12
462   283.12
463   283.12
464   283.12
465   283.12
466   283.12
467   283.12
468   283.12
469   283.12
470   283.12
471   283.12
472   283.12
473   283.12
474   283.12
475   283.12
476   283.12
477   283.12
478   283.12
479   283.12
480   283.12
481   283.12
482   283.12
483   283.12
484   283.12
485   283.12
486   283.12
487   283.12
488   283.12
489   283.12
490   283.12
491   283.12
492   283.12
493   283.12
494   283.12
495   283.12
496   283.12
497   283.12
498   283.12
499   283.12
500   283.12
501   283.12
502   283.12
503   283.12
504   283.12
505   283.12
506   283.12
507   283.12
508   283.12
509   283.12
510   283.12
511   283.12
512   283.12
513   283.12
514   283.12
515   283.12
516   283.12
517   283.12
518   283.12
519   283.12
520   283.12
521   283.12
522   283.12
523   283.12
524   283.12
525   283.12
526   283.12
527   283.12
528   283.12
529   283.12
530   283.12
531   283.12
532   283.12
533   283.12
534   283.12
535   283.12
536   283.12
537   283.12
538   283.12
539   283.12
540   283.12
541   283.12
542   283.12
543   283.12
544   283.12
545   283.12
546   283.12
547   283.12
548   282.009
549   282.009
550   282.009
551   282.009
552   282.009
553   282.009
554   282.009
555   282.009
556   282.009
557   282.009
558   282.009
559   282.009
560   282.009
561   282.009
562   282.009
563   282.009
564   282.009
565   282.009
566   282.009
567   282.009
568   282.009
569   282.009
570   282.009
571   282.009
572   282.009
573   282.009
574   282.009
575   282.009
576   282.009
577   282.009
578   282.009
579   282.009
580   282.009
581   282.009
582   282.009
583   282.009
584   282.009
585   282.009
586   282.009
587   282.009
588   282.009
589   282.009
590   282.009
591   282.009
592   282.009
593   282.009
594   282.009
595   282.009
596   282.009
597   282.009
598   282.009
599   282.009
600   282.009
601   282.009
602   282.009
603   282.009
604   282.009
605   282.009
606   282.009
607   282.009
608   282.009
609   282.009
610   282.009
611   282.009
612   282.009
613   282.009
614   282.009
615   282.009
616   282.009
617   282.009
618   282.009
619   282.009
620   282.009
621   282.009
622   282.009
623   282.009
624   282.009
625   282.009
626   282.009
627   282.009
628   282.009
629   282.009
630   282.009
631   282.009
632   282.009
633   282.009
634   282.009
635   282.009
636   282.009
637   282.009
638   282.009
639   282.009
640   282.009
641   282.009
642   282.009
643   282.009
644   282.009
645   282.009
646   282.009
647   282.009
648   282.009
649   282.009
650   282.009
651   282.009
652   282.009
653   282.009
654   282.009
655   282.009
656   282.009
657   282.009
658   282.009
659   282.009
660   282.009
661   282.009
662   282.009
663   282.009
664   282.009
665   282.009
666   282.009
667   282.009
668   282.009
669   282.009
670   282.009
671   282.009
672   282.009
673   282.009
674   282.009
675   282.009
676   282.009
677   282.009
678   282.009
679   282.009
680   282.009
681   282.009
682   282.009
683   282.009
684   282.009
685   282.009
686   282.009
687   282.009
688   282.009
689   282.009
690   282.009
691   282.009
692   282.009
693   282.009
694   282.009
695   282.009
696   282.009
697   282.009
698   282.009
699   282.009
700   282.009
701   282.009
702   282.009
703   282.009
704   282.009
705   282.009
706   281.986
707   281.986
708   281.986
709   281.986
710   281.986
711   281.986
712   281.986
713   281.986
714   281.986
715   281.986
716   281.986
717   281.986
718   281.986
719   281.986
720   281.986
721   281.986
722   281.986
723   281.986
724   281.986
725   281.986
726   281.986
727   281.986
728   281.986
729   281.986
730   281.986
731   281.986
732   281.986
733   281.986
734   281.986
735   281.986
736   281.986
737   281.986
738   281.986
739   281.986
740   281.986
741   281.986
742   281.986
743   281.986
744   281.986
745   281.986
746   281.986
747   281.986
748   281.986
749   281.986
750   281.986
751   281.986
752   281.986
753   281.986
754   281.986
755   281.986
756   281.986
757   281.986
758   281.986
759   281.986
760   281.986
761   281.986
762   281.986
763   281.986
764   281.986
765   281.986
766   281.986
767   281.986
768   281.986
769   281.986
770   281.986
771   281.986
772   281.986
773   281.986
774   281.986
775   281.986
776   281.986
777   281.986
778   281.986
779   281.986
780   281.986
781   281.986
782   281.986
783   281.986
784   281.986
785   281.986
786   281.986
787   281.986
788   281.986
789   281.986
790   281.986
791   281.986
792   281.986
793   281.986
794   281.986
795   281.986
796   281.986
797   281.986
798   281.986
799   281.986
800   281.986
801   281.986
802   281.986
803   281.986
804   281.986
805   281.986
806   281.986
807   281.986
808   281.986
809   281.986
810   281.986
811   281.986
812   281.986
813   281.986
814   281.986
815   281.986
816   281.986
817   281.986
818   281.986
819   281.986
820   281.986
821   281.986
822   281.986
823   281.986
824   281.986
825   281.986
826   281.986
827   281.986
828   281.986
829   281.986
830   281.986
831   281.986
832   281.986
833   281.986
834   281.986
835   281.986
836   281.986
837   281.986
838   281.986
839   281.986
840   281.986
841   281.986
842   281.986
843   281.986
844   281.986
845   281.986
846   281.986
847   281.986
848   281.986
849   281.986
850   281.986
851   281.986
852   281.986
853   281.986
854   281.986
855   281.986
856   281.986
857   281.986
858   281.986
859   281.986
860   281.986
861   281.986
862   281.986
863   281.986
864   281.986
865   281.986
866   281.986
867   281.986
868   281.986
869   281.986
870   281.986
871   281.986
872   281.986
873   281.986
874   281.986
875   281.986
876   281.986
877   281.986
878   281.986
879   281.986
880   281.986
881   281.986
882   281.986
883   281.986
884   281.986
885   281.986
886   281.986
887   281.986
888   281.986
889   281.986
890   281.986
891   281.986
892   281.986
893   281.986
894   281.986
895   281.986
896   281.986
897   281.986
898   281.986
899   281.986
900   281.986
901   281.986
902   281.986
903   281.986
904   281.986
905   281.986
906   281.986
907   281.986
908   281.986
909   281.986
910   281.986
911   281.986
912   281.986
913   281.986
914   281.986
915   281.986
916   281.986
917   281.986
918   281.986
919   281.986
920   281.986
921   281.986
922   281.986
923   281.986
924   281.986
925   281.986
926   281.986
927   281.986
928   281.986
929   281.986
930   281.986
931   281.986
932   281.986
933   281.986
934   281.986
935   281.986
936   281.986
937   281.986
938   281.986
939   281.986
940   281.986
941   281.986
942   281.986
943   281.986
944   281.986
945   281.986
946   281.986
947   281.986
948   281.986
949   281.986
950   281.986
951   281.986
952   281.986
953   281.986
954   281.986
955   281.986
956   281.986
957   281.986
958   281.986
959   281.986
960   281.986
961   281.986
962   281.986
963   281.986
964   281.986
965   281.986
966   281.986
967   281.986
968   281.986
969   281.986
970   281.986
971   281.986
972   281.986
973   281.986
974   281.986
975   281.986
976   281.986
977   281.986
978   281.986
979   281.986
980   281.986
981   281.986
982   281.986
983   281.986
984   281.781
985   281.781
986   281.781
987   281.216
988   281.216
989   281.216
990   281.216
991   281.216
992   281.216
993   281.216
994   281.216
995   281.216
996   281.216
997   281.216
998   281.216
999   281.216
1000   281.216
1   839.569
2   824.084
3   795.196
4   755.573
5   736.497
6   720.935
7   700.134
8   680.223
9   648.022
10   630.651
11   601.514
12   587.229
13   586.281
14   570.206
15   549.516
16   547.862
17   541.909
18   531.709
19   531.709
20   521.073
21   520.226
22   513.592
23   511.668
24   490.975
25   490.975
26   490.975
27   485.454
28   484.454
29   478.053
30   474.895
31   465.789
32   459.396
33   456.956
34   456.956
35   456.956
36   450.533
37   450.415
38   450.415
39   450.415
40   446.226
41   435.589
42   435.589
43   423.083
44   423.083
45   411.459
46   411.459
47   400.768
48   400.768
49   399.691
50   399.691
51   388.768
52   388.768
53   388.18
54   380.87
55   380.87
56   379.826
57   371.982
58   370.843
59   369.117
60   369.117
61   363.915
62   363.915
63   363.915
64   363.813
65   363.813
66   360.751
67   346.898
68   346.202
69   346.202
70   346.202
71   346.202
72   346.202
73   346.202
74   343.479
75   343.479
76   343.479
77   343.479
78   338.387
79   338.387
80   338.387
81   338.387
82   337.095
83   336.748
84   336.748
85   336.748
86   334.681
87   334.681
88   334.681
89   324.859
90   324.859
91   324.859
92   324.373
93   324.373
94   324.373
95   324.373
96   324.373
97   324.373
98   322.791
99   322.791
100   322.791
101   317.435
102   315.589
103   315.589
104   315.589
105   312.588
106   312.588
107   312.588
108   312.588
109   312.588
110   309.635
111   309.635
112   309.635
113   307.468
114   307.468
115   307.468
116   307.468
117   307.468
118   305.431
119   304.645
120   304.645
121   304.645
122   304.645
123   304.645
124   298.653
125   298.653
126   298.653
127   298.653
128   297.737
129   297.737
130   297.737
131   297.737
132   297.737
133   297.737
134   297.737
135   297.737
136   297.579
137   295.632
138   295.632
139   295.632
140   295.632
141   295.632
142   295.632
143   295.632
144   295.632
145   295.632
146   295.632
147   295.632
148   295.632
149   295.632
150   294.593
151   294.593
152   294.593
153   294.593
154   292.356
155   292.356
156   292.356
157   292.356
158   292.356
159   292.356
160   291.54
161   291.54
162   291.54
163   291.54
164   291.54
165   291.54
166   291.54
167   291.54
168   287.172
169   287.172
170   287.172
171   287.09
172   287.09
173   287.09
174   287.09
175   287.09
176   287.09
177   287.09
178   286.55
179   286.55
180   286.55
181   286.55
182   286.55
183   286.55
184   286.55
185   286.55
186   286.55
187   286.55
188   286.55
189   286.55
190   286.55
191   286.55
192   286.55
193   286.326
194   286.326
195   286.326
196   285.989
197   285.989
198   285.989
199   285.989
200   285.989
201   285.989
202   285.989
203   285.989
204   285.989
205   285.989
206   285.989
207   285.989
208   285.989
209   285.989
210   285.989
211   285.989
212   285.989
213   285.541
214   285.541
215   285.541
216   285.541
217   285.541
218   285.541
219   285.541
220   285.09
221   285.09
222   284.354
223   284.354
224   284.354
225   284.354
226   284.354
227   284.354
228   284.354
229   284.354
230   284.354
231   284.354
232   284.354
233   284.354
234   284.354
235   284.354
236   284.354
237   283.679
238   283.679
239   283.679
240   283.679
241   283.679
242   283.679
243   283.304
244   283.304
245   281.831
246   281.831
247   281.243
248   281.243
249   281.243
250   281.243
251   281.243
252   281.243
253   281.243
254   281.243
255   281.243
256   281.243
257   281.243
258   281.243
259   281.243
260   281.243
261   281.243
262   281.243
263   281.243
264   281.243
265   281.243
266   281.243
267   281.243
268   281.243
269   281.243
270   280.652
271   280.652
272   280.652
273   280.652
274   280.652
275   280.652
276   280.652
277   280.274
278   280.274
279   280.274
280   279.41
281   279.41
282   279.41
283   279.41
284   279.41
285   279.41
286   279.41
287   279.41
288   279.41
289   279.41
290   279.41
291   279.41
292   279.41
293   279.41
294   279.41
295   279.41
296   279.41
297   279.41
298   279.41
299   279.41
300   279.41
301   279.41
302   279.41
303   274.83
304   274.83
305   274.83
306   274.83
307   274.83
308   274.83
309   274.83
310   274.83
311   274.83
312   274.83
313   274.83
314   274.83
315   274.83
316   274.83
317   274.83
318   274.83
319   274.83
320   274.83
321   274.83
322   274.83
323   274.83
324   274.83
325   274.83
326   274.83
327   274.83
328   274.83
329   274.83
330   274.83
331   274.83
332   274.83
333   274.83
334   274.83
335   274.83
336   274.83
337   274.83
338   274.83
339   274.83
340   274.83
341   274.83
342   274.83
343   274.83
344   274.83
345   274.83
346   274.83
347   274.83
348   274.83
349   274.83
350   274.83
351   274.83
352   274.83
353   274.83
354   274.83
355   274.83
356   274.83
357   274.83
358   274.83
359   274.83
360   274.83
361   274.83
362   274.83
363   274.83
364   274.83
365   274.83
366   274.83
367   274.83
368   274.83
369   274.83
370   274.83
371   274.83
372   274.83
373   272.936
374   272.936
375   272.936
376   272.936
377   272.936
378   272.936
379   272.936
380   272.936
381   272.936
382   272.936
383   272.936
384   272.936
385   272.936
386   272.936
387   272.936
388   272.936
389   272.936
390   272.936
391   272.936
392   272.936
393   272.936
394   272.936
395   272.936
396   272.936
397   272.936
398   272.936
399   272.936
400   272.936
401   272.936
402   272.936
403   272.936
404   272.936
405   272.936
406   272.936
407   272.936
408   272.936
409   272.936
410   272.936
411   272.936
412   272.936
413   272.936
414   272.182
415   272.182
416   272.182
417   272.182
418   272.182
419   272.182
420   272.182
421   272.182
422   272.182
423   272.182
424   272.182
425   272.182
426   272.182
427   272.182
428   272.182
429   272.182
430   272.182
431   272.182
432   272.182
433   272.182
434   272.182
435   272.182
436   272.182
437   272.182
438   272.182
439   272.182
440   272.182
441   272.182
442   272.182
443   272.182
444   272.182
445   272.182
446   272.182
447   272.182
448   272.182
449   272.182
450   272.182
451   272.182
452   272.182
453   272.182
454   272.182
455   272.182
456   272.182
457   272.182
458   272.182
459   272.182
460   272.182
461   272.182
462   272.182
463   272.182
464   272.182
465   272.182
466   272.182
467   272.182
468   272.182
469   272.182
470   272.182
471   272.182
472   272.182
473   272.182
474   272.182
475   272.182
476   272.182
477   272.182
478   272.182
479   272.182
480   272.182
481   272.182
482   272.182
483   272.182
484   272.182
485   272.182
486   272.182
487   272.182
488   272.182
489   272.182
490   272.182
491   272.182
492   272.182
493   272.182
494   272.182
495   272.182
496   272.182
497   272.182
498   272.182
499   272.182
500   272.182
501   272.182
502   272.182
503   272.182
504   272.182
505   272.182
506   272.182
507   272.182
508   272.182
509   272.182
510   272.182
511   272.182
512   272.182
513   272.182
514   272.182
515   272.182
516   272.182
517   272.182
518   272.182
519   272.182
520   272.182
521   272.182
522   272.182
523   272.182
524   272.182
525   272.182
526   272.182
527   272.182
528   272.182
529   272.182
530   272.182
531   272.182
532   272.182
533   272.182
534   272.182
535   272.182
536   272.182
537   272.182
538   272.182
539   272.182
540   272.182
541   272.182
542   272.182
543   272.182
544   272.182
545   272.182
546   272.182
547   272.182
548   272.182
549   272.182
550   272.182
551   272.182
552   272.182
553   272.182
554   272.182
555   272.182
556   272.182
557   272.182
558   272.182
559   272.182
560   272.182
561   272.182
562   272.182
563   272.182
564   272.182
565   272.182
566   272.182
567   272.182
568   272.182
569   272.182
570   272.182
571   272.182
572   272.182
573   272.182
574   272.182
575   272.182
576   272.182
577   272.182
578   272.182
579   272.182
580   272.182
581   272.182
582   272.182
583   272.182
584   272.182
585   272.182
586   272.182
587   272.182
588   272.182
589   272.182
590   272.182
591   272.182
592   272.182
593   272.182
594   272.182
595   272.182
596   272.182
597   272.182
598   272.182
599   272.182
600   272.182
601   272.182
602   272.182
603   272.182
604   272.182
605   272.182
606   272.182
607   272.182
608   272.182
609   272.182
610   272.182
611   272.182
612   272.182
613   272.182
614   272.182
615   272.182
616   272.182
617   272.182
618   272.182
619   272.182
620   272.182
621   272.182
622   272.182
623   272.182
624   272.182
625   272.182
626   272.182
627   272.182
628   272.182
629   272.182
630   272.182
631   272.182
632   272.182
633   272.182
634   272.182
635   272.182
636   272.182
637   272.182
638   272.182
639   272.182
640   272.182
641   272.182
642   272.182
643   272.182
644   272.182
645   272.182
646   272.182
647   272.182
648   272.182
649   272.182
650   272.182
651   272.182
652   272.182
653   272.182
654   272.182
655   272.182
656   272.182
657   272.182
658   272.182
659   272.182
660   272.182
661   272.182
662   272.182
663   272.182
664   272.182
665   272.182
666   272.182
667   272.182
668   272.182
669   272.182
670   272.182
671   272.182
672   272.182
673   272.159
674   272.159
675   272.159
676   272.159
677   272.159
678   272.159
679   272.159
680   272.159
681   272.159
682   272.159
683   271.954
684   271.954
685   271.954
686   271.954
687   271.954
688   271.954
689   271.954
690   271.954
691   271.954
692   271.954
693   271.954
694   271.954
695   271.954
696   271.954
697   271.954
698   271.954
699   271.954
700   271.954
701   271.954
702   271.954
703   271.954
704   271.954
705   271.954
706   271.954
707   271.954
708   271.954
709   271.954
710   271.954
711   271.954
712   271.954
713   271.954
714   271.954
715   271.954
716   271.954
717   271.954
718   271.954
719   271.954
720   271.954
721   271.954
722   271.954
723   271.954
724   271.954
725   271.954
726   271.954
727   271.954
728   271.954
729   271.954
730   271.954
731   271.954
732   271.954
733   271.954
734   271.954
735   271.954
736   271.954
737   271.954
738   271.954
739   271.954
740   271.954
741   271.954
742   271.954
743   271.954
744   271.954
745   271.954
746   271.954
747   271.954
748   271.954
749   271.954
750   271.954
751   271.954
752   271.954
753   271.954
754   271.954
755   271.954
756   271.954
757   271.954
758   271.954
759   271.954
760   271.954
761   271.954
762   271.954
763   271.954
764   271.954
765   271.954
766   271.954
767   271.954
768   271.954
769   271.954
770   271.954
771   271.954
772   271.954
773   271.954
774   271.954
775   271.954
776   271.954
777   271.954
778   271.954
779   271.954
780   271.954
781   271.954
782   271.954
783   271.954
784   271.954
785   271.954
786   271.954
787   271.954
788   271.954
789   271.954
790   271.954
791   271.954
792   271.954
793   271.954
794   271.954
795   271.954
796   271.954
797   271.954
798   271.954
799   271.954
800   271.954
801   271.954
802   271.954
803   271.954
804   271.954
805   271.954
806   271.954
807   271.954
808   271.954
809   271.954
810   271.954
811   271.954
812   271.954
813   271.954
814   271.954
815   271.954
816   271.954
817   271.954
818   271.954
819   271.954
820   271.954
821   271.954
822   271.954
823   271.954
824   271.954
825   271.954
826   271.954
827   271.954
828   271.954
829   271.954
830   271.954
831   271.954
832   271.954
833   271.954
834   271.954
835   271.954
836   271.954
837   271.954
838   271.954
839   271.954
840   271.954
841   271.954
842   271.954
843   271.954
844   271.954
845   271.954
846   271.954
847   271.954
848   271.954
849   271.954
850   271.954
851   271.954
852   271.954
853   271.954
854   271.954
855   271.954
856   271.954
857   271.954
858   271.954
859   271.954
860   271.954
861   271.954
862   271.954
863   271.954
864   271.954
865   271.954
866   271.954
867   271.954
868   271.954
869   271.954
870   271.954
871   271.954
872   271.954
873   271.954
874   271.954
875   271.954
876   271.954
877   271.954
878   271.954
879   271.954
880   271.954
881   271.954
882   271.954
883   271.954
884   271.954
885   271.954
886   271.954
887   271.954
888   271.954
889   271.954
890   271.954
891   271.954
892   271.954
893   271.954
894   271.954
895   271.954
896   271.954
897   271.954
898   271.954
899   271.954
900   271.954
901   271.954
902   271.954
903   271.954
904   271.954
905   271.954
906   271.954
907   271.954
908   271.954
909   271.954
910   271.954
911   271.954
912   271.954
913   271.954
914   271.954
915   271.954
916   271.954
917   271.954
918   271.954
919   271.954
920   271.954
921   271.954
922   271.954
923   271.954
924   271.954
925   271.954
926   271.954
927   271.954
928   271.954
929   271.954
930   271.954
931   271.954
932   271.954
933   271.954
934   271.954
935   271.954
936   271.954
937   271.954
938   271.954
939   271.954
940   271.954
941   271.954
942   271.954
943   271.954
944   271.954
945   271.954
946   271.954
947   271.954
948   271.954
949   271.954
950   271.954
951   271.954
952   271.954
953   271.954
954   271.954
955   271.954
956   271.954
957   271.954
958   271.954
959   271.954
960   271.954
961   271.954
962   271.954
963   271.954
964   271.954
965   271.954
966   271.954
967   271.954
968   271.954
969   271.954
970   271.954
971   271.954
972   271.954
973   271.954
974   271.954
975   271.954
976   271.954
977   271.954
978   271.954
979   271.954
980   271.954
981   271.954
982   271.954
983   271.954
984   271.954
985   271.954
986   271.954
987   271.954
988   271.954
989   271.954
990   271.954
991   271.954
992   271.954
993   271.954
994   271.954
995   271.954
996   271.954
997   271.954
998   271.954
999   271.954
1000   271.954
