1   958.778
2   905.227
3   840.311
4   800.099
5   763.311
6   749.49
7   736.591
8   716.807
9   691.514
10   674.172
11   671.473
12   652.53
13   617.512
14   606.595
15   597.746
16   578.906
17   574.894
18   574.413
19   570.254
20   560.514
21   549.245
22   539.095
23   520.796
24   514.934
25   512.238
26   506.833
27   502.118
28   496.936
29   495.121
30   492.185
31   483.534
32   476.792
33   474.377
34   467.02
35   459.276
36   454.991
37   448.666
38   436.786
39   423.346
40   418.781
41   417.532
42   417.532
43   417.516
44   417.075
45   415.791
46   413.417
47   409.254
48   404.622
49   397.089
50   396.635
51   393.579
52   386.831
53   385.577
54   383.563
55   382.71
56   381.301
57   381.301
58   381.269
59   380.499
60   374.222
61   364.794
62   364.794
63   364.768
64   364.31
65   363.384
66   363.384
67   363.383
68   363.356
69   363.289
70   363.111
71   361.722
72   359.462
73   359.184
74   359.048
75   358.592
76   358.574
77   358.574
78   358.518
79   357.437
80   355.866
81   355.618
82   354.911
83   354.793
84   353.692
85   352.04
86   351.448
87   350.088
88   349.239
89   346.413
90   345.895
91   345.19
92   345.179
93   344.873
94   343.832
95   343.464
96   342.781
97   341.352
98   341.308
99   339.801
100   336.893
1   336.108
2   334.384
3   334.384
4   334.384
5   334.384
6   334.384
7   334.384
8   334.384
9   334.384
10   334.384
11   334.384
12   334.384
13   334.384
14   334.384
15   334.384
16   334.384
17   334.384
18   334.384
19   334.384
20   334.384
21   334.384
22   334.384
23   334.384
24   334.384
25   334.384
26   334.384
27   334.384
28   334.384
29   334.384
30   334.384
31   334.384
32   334.384
33   334.384
34   334.384
35   334.384
36   334.384
37   334.384
38   334.384
39   334.384
40   334.384
41   334.384
42   334.384
43   334.384
44   334.384
45   334.384
46   334.384
47   334.384
48   334.384
49   334.384
50   334.384
51   334.384
52   334.384
53   334.384
54   334.384
55   334.384
56   334.384
57   334.384
58   334.384
59   334.384
60   334.384
61   334.384
62   334.384
63   334.384
64   334.384
65   334.384
66   334.384
67   334.384
68   334.384
69   334.384
70   334.356
71   333.516
72   331.585
73   331.585
74   331.585
75   331.585
76   331.575
77   331.279
78   330.563
79   329.626
80   327.127
81   327.127
82   327.127
83   327.118
84   326.883
85   326.287
86   326.287
87   326.287
88   326.287
89   326.287
90   326.283
91   326.161
92   325.409
93   323.985
94   323.969
95   323.554
96   322.427
97   322.317
98   320.04
99   315.275
100   315.067
1   314.223
2   313.486
3   307.197
4   296.082
5   296.065
6   296.029
7   296.029
8   296.029
9   296.029
10   296.029
11   296.029
12   296.029
13   295.993
14   294.943
15   292.41
16   292.41
17   292.41
18   292.41
19   292.41
20   292.373
21   291.317
22   288.767
23   288.767
24   288.767
25   288.767
26   288.767
27   288.766
28   288.751
29   288.714
30   288.711
31   288.669
32   288.551
33   288.551
34   288.551
35   288.551
36   288.551
37   288.551
38   288.551
39   288.543
40   288.238
41   287.769
42   287.769
43   287.769
44   287.769
45   287.769
46   287.769
47   287.769
48   287.768
49   287.747
50   287.486
51   287.078
52   287.078
53   287.075
54   286.986
55   286.793
56   286.79
57   286.79
58   286.79
59   286.79
60   286.784
61   286.66
62   286.242
63   286.225
64   286.225
65   286.225
66   286.225
67   286.225
68   286.225
69   286.225
70   286.225
71   286.207
72   285.738
73   284.487
74   284.487
75   284.487
76   284.487
77   284.487
78   284.487
79   284.487
80   284.487
81   284.487
82   284.487
83   284.487
84   284.487
85   284.487
86   284.487
87   284.487
88   284.487
89   284.487
90   284.487
91   284.487
92   284.487
93   284.487
94   284.487
95   284.487
96   284.487
97   284.487
98   284.487
99   284.487
100   284.487
1   284.487
2   284.487
3   284.487
4   284.487
5   284.487
6   284.487
7   284.487
8   284.487
9   284.487
10   284.487
11   284.486
12   284.459
13   284.377
14   284.375
15   284.375
16   284.375
17   284.375
18   284.375
19   284.375
20   284.375
21   284.375
22   284.375
23   284.375
24   284.358
25   283.785
26   282.69
27   282.69
28   282.69
29   282.69
30   282.69
31   282.687
32   282.604
33   282.43
34   282.43
35   282.43
36   282.43
37   282.43
38   282.43
39   282.43
40   282.43
41   282.43
42   282.43
43   282.43
44   282.43
45   282.43
46   282.43
47   282.43
48   282.43
49   282.43
50   282.43
51   282.43
52   282.43
53   282.43
54   282.43
55   282.43
56   282.43
57   282.43
58   282.43
59   282.43
60   282.43
61   282.43
62   282.43
63   282.43
64   282.43
65   282.43
66   282.43
67   282.43
68   282.43
69   282.43
70   282.43
71   282.43
72   282.43
73   282.43
74   282.43
75   282.43
76   282.43
77   282.43
78   282.43
79   282.43
80   282.43
81   282.43
82   282.43
83   282.43
84   282.43
85   282.43
86   282.43
87   282.43
88   282.43
89   282.43
90   282.43
91   282.43
92   282.43
93   282.43
94   282.43
95   282.43
96   282.43
97   282.43
98   282.43
99   282.43
100   282.43
1   282.43
2   282.43
3   282.43
4   282.43
5   282.427
6   282.347
7   282.153
8   282.153
9   282.153
10   282.153
11   282.153
12   282.153
13   282.153
14   282.153
15   282.153
16   282.153
17   282.153
18   282.153
19   282.153
20   282.153
21   282.153
22   282.153
23   282.153
24   282.153
25   282.153
26   282.153
27   282.153
28   282.153
29   282.153
30   282.153
31   282.153
32   282.153
33   282.153
34   282.153
35   282.153
36   282.153
37   282.153
38   282.153
39   282.153
40   282.139
41   281.64
42   280.686
43   280.686
44   280.686
45   280.686
46   280.686
47   280.686
48   280.686
49   280.686
50   280.686
51   280.686
52   280.686
53   280.686
54   280.686
55   280.686
56   280.686
57   280.686
58   280.686
59   280.686
60   280.686
61   280.686
62   280.686
63   280.686
64   280.686
65   280.686
66   280.686
67   280.686
68   280.686
69   280.686
70   280.686
71   280.676
72   280.343
73   279.676
74   279.676
75   279.676
76   279.676
77   279.676
78   279.676
79   279.676
80   279.676
81   279.676
82   279.676
83   279.676
84   279.676
85   279.676
86   279.676
87   279.676
88   279.676
89   279.676
90   279.676
91   279.676
92   279.676
93   279.676
94   279.676
95   279.676
96   279.676
97   279.676
98   279.676
99   279.676
100   279.676
1   279.676
2   279.676
3   279.676
4   279.676
5   279.676
6   279.676
7   279.676
8   279.676
9   279.676
10   279.676
11   279.676
12   279.676
13   279.676
14   279.676
15   279.676
16   279.676
17   279.676
18   279.676
19   279.676
20   279.676
21   279.676
22   279.676
23   279.676
24   279.676
25   279.676
26   279.676
27   279.676
28   279.654
29   278.998
30   277.488
31   277.488
32   277.488
33   277.488
34   277.475
35   277.063
36   276.116
37   276.116
38   276.116
39   276.116
40   276.116
41   276.116
42   276.116
43   276.116
44   276.116
45   276.116
46   276.116
47   276.116
48   276.116
49   276.116
50   276.116
51   276.116
52   276.116
53   276.116
54   276.116
55   276.116
56   276.116
57   276.116
58   276.116
59   276.116
60   276.116
61   276.116
62   276.116
63   276.116
64   276.116
65   276.116
66   276.116
67   276.116
68   276.116
69   276.116
70   276.116
71   276.116
72   276.116
73   276.116
74   276.116
75   276.116
76   276.116
77   276.116
78   276.116
79   276.116
80   276.116
81   276.116
82   276.116
83   276.116
84   276.116
85   276.116
86   276.116
87   276.116
88   276.116
89   276.116
90   276.116
91   276.116
92   276.116
93   276.116
94   276.116
95   276.116
96   276.116
97   276.116
98   276.116
99   276.116
100   276.116
1   276.116
2   276.116
3   276.116
4   276.116
5   276.116
6   276.116
7   276.116
8   276.116
9   276.116
10   276.116
11   276.116
12   276.116
13   276.116
14   276.116
15   276.116
16   276.116
17   276.116
18   276.116
19   276.116
20   276.116
21   276.116
22   276.116
23   276.116
24   276.116
25   276.116
26   276.076
27   274.747
28   272.091
29   272.091
30   272.091
31   272.091
32   272.091
33   272.082
34   271.831
35   271.226
36   271.226
37   271.226
38   271.226
39   271.226
40   271.226
41   271.226
42   271.226
43   271.226
44   271.226
45   271.226
46   271.226
47   271.226
48   271.226
49   271.225
50   271.17
51   271.061
52   271.061
53   271.061
54   271.061
55   271.061
56   271.061
57   271.061
58   271.061
59   271.061
60   271.061
61   271.061
62   271.061
63   271.061
64   271.061
65   271.061
66   271.061
67   271.061
68   271.061
69   271.061
70   271.061
71   271.061
72   271.061
73   271.061
74   271.061
75   271.061
76   271.061
77   271.061
78   271.061
79   271.061
80   271.061
81   271.061
82   271.058
83   270.971
84   270.76
85   270.76
86   270.76
87   270.76
88   270.76
89   270.76
90   270.76
91   270.76
92   270.76
93   270.76
94   270.76
95   270.76
96   270.76
97   270.76
98   270.76
99   270.76
100   270.76
1   270.76
2   270.76
3   270.76
4   270.76
5   270.76
6   270.76
7   270.76
8   270.76
9   270.76
10   270.76
11   270.76
12   270.76
13   270.76
14   270.76
15   270.76
16   270.76
17   270.76
18   270.76
19   270.76
20   270.76
21   270.76
22   270.76
23   270.76
24   270.76
25   270.76
26   270.76
27   270.76
28   270.76
29   270.76
30   270.76
31   270.76
32   270.76
33   270.76
34   270.76
35   270.76
36   270.76
37   270.76
38   270.76
39   270.76
40   270.76
41   270.76
42   270.76
43   270.76
44   270.76
45   270.76
46   270.76
47   270.76
48   270.76
49   270.76
50   270.76
51   270.76
52   270.76
53   270.76
54   270.76
55   270.76
56   270.76
57   270.76
58   270.76
59   270.76
60   270.76
61   270.76
62   270.76
63   270.76
64   270.76
65   270.76
66   270.76
67   270.76
68   270.76
69   270.76
70   270.76
71   270.76
72   270.76
73   270.76
74   270.76
75   270.76
76   270.76
77   270.76
78   270.76
79   270.76
80   270.76
81   270.76
82   270.76
83   270.76
84   270.76
85   270.76
86   270.76
87   270.76
88   270.76
89   270.76
90   270.76
91   270.76
92   270.76
93   270.76
94   270.76
95   270.76
96   270.76
97   270.76
98   270.76
99   270.76
100   270.76
1   270.76
2   270.76
3   270.76
4   270.76
5   270.76
6   270.76
7   270.76
8   270.76
9   270.76
10   270.76
11   270.76
12   270.76
13   270.76
14   270.76
15   270.76
16   270.76
17   270.76
18   270.76
19   270.76
20   270.76
21   270.76
22   270.76
23   270.76
24   270.76
25   270.76
26   270.76
27   270.76
28   270.76
29   270.76
30   270.76
31   270.76
32   270.76
33   270.76
34   270.76
35   270.76
36   270.76
37   270.76
38   270.76
39   270.76
40   270.76
41   270.76
42   270.76
43   270.76
44   270.76
45   270.76
46   270.76
47   270.76
48   270.76
49   270.76
50   270.76
51   270.76
52   270.76
53   270.76
54   270.76
55   270.76
56   270.76
57   270.76
58   270.76
59   270.76
60   270.76
61   270.76
62   270.76
63   270.76
64   270.76
65   270.76
66   270.76
67   270.76
68   270.76
69   270.76
70   270.76
71   270.76
72   270.76
73   270.76
74   270.76
75   270.76
76   270.76
77   270.76
78   270.76
79   270.76
80   270.76
81   270.76
82   270.76
83   270.76
84   270.76
85   270.76
86   270.76
87   270.76
88   270.76
89   270.76
90   270.76
91   270.76
92   270.76
93   270.76
94   270.76
95   270.76
96   270.76
97   270.76
98   270.76
99   270.76
100   270.76
1   270.76
2   270.758
3   270.675
4   270.511
5   270.511
6   270.511
7   270.511
8   270.511
9   270.511
10   270.511
11   270.511
12   270.511
13   270.511
14   270.511
15   270.511
16   270.511
17   270.511
18   270.511
19   270.511
20   270.511
21   270.511
22   270.511
23   270.511
24   270.511
25   270.511
26   270.511
27   270.511
28   270.511
29   270.511
30   270.511
31   270.511
32   270.511
33   270.511
34   270.511
35   270.511
36   270.511
37   270.511
38   270.511
39   270.511
40   270.511
41   270.511
42   270.511
43   270.511
44   270.511
45   270.511
46   270.511
47   270.511
48   270.511
49   270.511
50   270.511
51   270.511
52   270.511
53   270.511
54   270.511
55   270.511
56   270.511
57   270.511
58   270.502
59   270.208
60   269.646
61   269.646
62   269.646
63   269.646
64   269.646
65   269.646
66   269.646
67   269.646
68   269.646
69   269.646
70   269.646
71   269.646
72   269.646
73   269.646
74   269.646
75   269.646
76   269.646
77   269.646
78   269.646
79   269.646
80   269.646
81   269.646
82   269.646
83   269.646
84   269.646
85   269.646
86   269.646
87   269.646
88   269.646
89   269.646
90   269.646
91   269.646
92   269.646
93   269.646
94   269.646
95   269.646
96   269.646
97   269.646
98   269.646
99   269.646
100   269.646
1   953.514
2   906.238
3   870.897
4   820.786
5   763.364
6   725.311
7   698.814
8   686.277
9   667.457
10   646.607
11   639.387
12   632.38
13   621.621
14   605.371
15   599.013
16   586.328
17   578.82
18   578.818
19   578.48
20   574.551
21   566.959
22   558.045
23   545.929
24   543.692
25   541.726
26   533.386
27   526.667
28   525.842
29   514.211
30   500.892
31   499.698
32   498.191
33   494.04
34   484.964
35   476.563
36   475.277
37   468.307
38   456.044
39   455.774
40   455.021
41   450.545
42   442.713
43   431.476
44   430.86
45   429.076
46   426.393
47   421.432
48   419.752
49   416.923
50   416.053
51   414.225
52   412.854
53   410.232
54   410.1
55   408.23
56   405.398
57   404.357
58   404.007
59   403.99
60   403.91
61   402.532
62   399.878
63   397.727
64   394.232
65   394.232
66   394.219
67   393.822
68   392.961
69   392.027
70   390.029
71   389.283
72   386.804
73   382.503
74   378.868
75   375.891
76   375.523
77   374.749
78   374.146
79   371.553
80   368.001
81   367.445
82   366.3
83   365.542
84   363.716
85   361.859
86   360.853
87   360.618
88   359.351
89   357.546
90   357.5
91   356.213
92   353.133
93   352.929
94   352.473
95   350.923
96   349.531
97   346.649
98   346.317
99   346.317
100   346.266
1   344.312
2   341.209
3   340.445
4   338.589
5   336.939
6   331.639
7   331.488
8   331.419
9   329.069
10   324.576
11   324.576
12   324.576
13   324.576
14   324.572
15   324.429
16   323.25
17   320.792
18   320.545
19   318.179
20   314.362
21   314.362
22   314.332
23   313.561
24   311.363
25   311.363
26   311.363
27   311.363
28   311.363
29   311.363
30   311.363
31   311.363
32   311.363
33   311.363
34   311.36
35   311.267
36   311.073
37   311.073
38   311.066
39   310.872
40   310.426
41   310.426
42   310.426
43   310.426
44   310.426
45   310.426
46   310.426
47   310.426
48   310.426
49   310.426
50   310.426
51   310.426
52   310.426
53   310.426
54   310.426
55   310.426
56   310.426
57   310.426
58   310.426
59   310.426
60   310.361
61   308.56
62   303.992
63   303.992
64   303.992
65   303.992
66   303.992
67   303.992
68   303.992
69   303.992
70   303.971
71   303.469
72   301.981
73   301.981
74   301.958
75   301.275
76   299.505
77   298.767
78   297.863
79   297.863
80   297.863
81   297.863
82   297.863
83   297.863
84   297.863
85   297.863
86   297.863
87   297.849
88   297.452
89   296.445
90   296.445
91   296.444
92   296.401
93   296.302
94   296.302
95   296.302
96   296.29
97   295.905
98   295.118
99   295.118
100   295.118
1   295.046
2   293.014
3   287.863
4   287.863
5   287.863
6   287.863
7   287.863
8   287.863
9   287.863
10   287.863
11   287.863
12   287.863
13   287.863
14   287.863
15   287.863
16   287.863
17   287.863
18   287.863
19   287.863
20   287.863
21   287.863
22   287.857
23   287.667
24   287.231
25   287.231
26   287.231
27   287.231
28   287.231
29   287.231
30   287.231
31   287.231
32   287.231
33   287.231
34   287.231
35   287.231
36   287.231
37   287.231
38   287.231
39   287.231
40   287.231
41   287.231
42   287.225
43   287.037
44   286.113
45   285.411
46   285.393
47   285.358
48   285.358
49   285.358
50   285.358
51   285.358
52   285.358
53   285.338
54   285.291
55   285.291
56   285.291
57   285.291
58   285.291
59   285.291
60   285.291
61   285.291
62   285.291
63   285.291
64   285.291
65   285.291
66   285.291
67   285.245
68   283.953
69   280.761
70   280.761
71   280.761
72   280.761
73   280.761
74   280.748
75   280.716
76   280.716
77   280.716
78   280.716
79   280.716
80   280.716
81   280.716
82   280.71
83   280.548
84   280.082
85   280.042
86   280.042
87   280.042
88   280.042
89   280.042
90   280.042
91   280.042
92   280.042
93   280.042
94   280.042
95   280.042
96   280.041
97   280.006
98   279.939
99   279.939
100   279.939
1   279.939
2   279.939
3   279.939
4   279.939
5   279.939
6   279.939
7   279.939
8   279.939
9   279.939
10   279.939
11   279.939
12   279.939
13   279.939
14   279.939
15   279.939
16   279.939
17   279.939
18   279.939
19   279.939
20   279.939
21   279.939
22   279.939
23   279.939
24   279.939
25   279.939
26   279.939
27   279.939
28   279.939
29   279.939
30   279.934
31   279.754
32   279.395
33   279.395
34   279.395
35   279.395
36   279.395
37   279.395
38   279.395
39   279.395
40   279.395
41   279.395
42   279.395
43   279.395
44   279.395
45   279.395
46   279.395
47   279.395
48   279.395
49   279.395
50   279.395
51   279.395
52   279.395
53   279.395
54   279.395
55   279.395
56   279.395
57   279.395
58   279.395
59   279.395
60   279.395
61   279.395
62   279.395
63   279.395
64   279.395
65   279.395
66   279.395
67   279.395
68   279.395
69   279.395
70   279.395
71   279.395
72   279.395
73   279.395
74   279.395
75   279.395
76   279.395
77   279.395
78   279.395
79   279.395
80   279.395
81   279.395
82   279.395
83   279.395
84   279.395
85   279.395
86   279.395
87   279.395
88   279.395
89   279.395
90   279.395
91   279.395
92   279.395
93   279.395
94   279.395
95   279.395
96   279.395
97   279.395
98   279.395
99   279.395
100   279.395
1   279.395
2   279.395
3   279.395
4   279.395
5   279.395
6   279.395
7   279.395
8   279.395
9   279.395
10   279.395
11   279.395
12   279.395
13   279.395
14   279.395
15   279.395
16   279.387
17   279.372
18   279.372
19   279.372
20   279.372
21   279.372
22   279.372
23   279.372
24   279.372
25   279.372
26   279.372
27   279.372
28   279.372
29   279.372
30   279.372
31   279.372
32   279.372
33   279.372
34   279.372
35   279.372
36   279.353
37   278.864
38   277.491
39   277.491
40   277.491
41   277.491
42   277.491
43   277.491
44   277.491
45   277.491
46   277.491
47   277.491
48   277.491
49   277.491
50   277.491
51   277.491
52   277.491
53   277.491
54   277.491
55   277.491
56   277.491
57   277.491
58   277.491
59   277.491
60   277.491
61   277.491
62   277.491
63   277.491
64   277.491
65   277.491
66   277.491
67   277.491
68   277.491
69   277.491
70   277.491
71   277.491
72   277.491
73   277.491
74   277.491
75   277.491
76   277.491
77   277.491
78   277.491
79   277.491
80   277.491
81   277.491
82   277.491
83   277.491
84   277.491
85   277.491
86   277.491
87   277.491
88   277.491
89   277.491
90   277.491
91   277.491
92   277.491
93   277.491
94   277.491
95   277.491
96   277.491
97   277.491
98   277.491
99   277.491
100   277.491
1   277.491
2   277.487
3   277.412
4   277.147
5   277.147
6   277.147
7   277.147
8   277.147
9   277.147
10   277.147
11   277.147
12   277.147
13   277.147
14   277.147
15   277.147
16   277.147
17   277.147
18   277.147
19   277.147
20   277.147
21   277.147
22   277.147
23   277.147
24   277.147
25   277.147
26   277.147
27   277.147
28   277.147
29   277.147
30   277.147
31   277.147
32   277.147
33   277.147
34   277.147
35   277.147
36   277.147
37   277.147
38   277.147
39   277.147
40   277.147
41   277.147
42   277.147
43   277.147
44   277.147
45   277.147
46   277.147
47   277.147
48   277.147
49   277.147
50   277.147
51   277.147
52   277.147
53   277.147
54   277.147
55   277.147
56   277.147
57   277.147
58   277.147
59   277.147
60   277.147
61   277.147
62   277.147
63   277.147
64   277.147
65   277.147
66   277.147
67   277.147
68   277.147
69   277.147
70   277.147
71   277.147
72   277.147
73   277.147
74   277.147
75   277.147
76   277.147
77   277.147
78   277.147
79   277.147
80   277.147
81   277.147
82   277.147
83   277.147
84   277.147
85   277.147
86   277.147
87   277.147
88   277.147
89   277.147
90   277.147
91   277.147
92   277.147
93   277.147
94   277.147
95   277.147
96   277.128
97   276.531
98   275.159
99   275.159
100   275.159
1   275.159
2   275.159
3   275.159
4   275.159
5   275.159
6   275.152
7   274.915
8   274.534
9   274.534
10   274.534
11   274.534
12   274.534
13   274.534
14   274.531
15   274.455
16   274.289
17   274.289
18   274.289
19   274.289
20   274.273
21   273.82
22   272.726
23   272.726
24   272.726
25   272.726
26   272.726
27   272.726
28   272.726
29   272.726
30   272.726
31   272.726
32   272.726
33   272.726
34   272.726
35   272.726
36   272.726
37   272.726
38   272.726
39   272.726
40   272.726
41   272.726
42   272.726
43   272.726
44   272.726
45   272.726
46   272.726
47   272.708
48   272.2
49   270.845
50   270.845
51   270.845
52   270.845
53   270.845
54   270.845
55   270.845
56   270.845
57   270.845
58   270.845
59   270.845
60   270.845
61   270.845
62   270.845
63   270.845
64   270.845
65   270.845
66   270.845
67   270.845
68   270.845
69   270.845
70   270.845
71   270.845
72   270.845
73   270.845
74   270.845
75   270.845
76   270.845
77   270.845
78   270.845
79   270.845
80   270.845
81   270.845
82   270.845
83   270.845
84   270.845
85   270.845
86   270.845
87   270.845
88   270.845
89   270.845
90   270.845
91   270.845
92   270.845
93   270.845
94   270.845
95   270.845
96   270.845
97   270.845
98   270.845
99   270.845
100   270.845
1   270.845
2   270.845
3   270.845
4   270.845
5   270.845
6   270.845
7   270.845
8   270.845
9   270.845
10   270.845
11   270.845
12   270.845
13   270.845
14   270.845
15   270.845
16   270.845
17   270.845
18   270.845
19   270.845
20   270.845
21   270.845
22   270.845
23   270.845
24   270.845
25   270.845
26   270.845
27   270.845
28   270.845
29   270.845
30   270.845
31   270.845
32   270.845
33   270.845
34   270.845
35   270.845
36   270.845
37   270.845
38   270.845
39   270.845
40   270.845
41   270.845
42   270.845
43   270.845
44   270.845
45   270.845
46   270.845
47   270.845
48   270.845
49   270.845
50   270.845
51   270.845
52   270.845
53   270.845
54   270.845
55   270.845
56   270.845
57   270.845
58   270.845
59   270.845
60   270.845
61   270.845
62   270.845
63   270.845
64   270.845
65   270.845
66   270.845
67   270.837
68   270.626
69   270.034
70   270.034
71   270.034
72   270.034
73   270.034
74   270.034
75   270.034
76   270.034
77   270.034
78   270.034
79   270.034
80   270.034
81   270.034
82   270.034
83   270.034
84   270.034
85   270.034
86   270.034
87   270.034
88   270.034
89   270.034
90   270.034
91   270.034
92   270.034
93   270.034
94   270.034
95   270.034
96   270.034
97   270.034
98   270.034
99   270.034
100   270.034
1   270.034
2   270.034
3   270.034
4   270.034
5   270.034
6   270.034
7   270.034
8   270.034
9   270.034
10   270.034
11   270.034
12   270.034
13   270.034
14   270.034
15   270.034
16   270.034
17   270.034
18   270.034
19   270.034
20   270.034
21   270.034
22   270.034
23   270.034
24   270.034
25   270.034
26   270.034
27   270.034
28   270.034
29   270.034
30   270.034
31   270.034
32   270.034
33   270.034
34   270.034
35   270.034
36   270.034
37   270.034
38   270.034
39   270.034
40   270.034
41   270.034
42   270.034
43   270.034
44   270.034
45   270.034
46   270.034
47   270.034
48   270.034
49   270.034
50   270.034
51   270.034
52   270.034
53   270.034
54   270.034
55   270.034
56   270.034
57   270.034
58   270.034
59   270.034
60   270.034
61   270.034
62   270.034
63   270.034
64   270.034
65   270.034
66   270.034
67   270.034
68   270.034
69   270.034
70   270.034
71   270.034
72   270.034
73   270.034
74   270.034
75   270.034
76   270.034
77   270.034
78   270.034
79   270.034
80   270.034
81   270.034
82   270.034
83   270.034
84   270.034
85   270.034
86   270.034
87   270.034
88   270.034
89   270.034
90   270.034
91   270.034
92   270.034
93   270.034
94   270.034
95   270.034
96   270.034
97   270.034
98   270.034
99   270.034
100   270.034
1   270.034
2   270.034
3   270.034
4   270.034
5   270.034
6   270.034
7   270.034
8   270.034
9   270.034
10   270.034
11   270.034
12   270.034
13   270.034
14   270.034
15   270.034
16   270.034
17   270.034
18   270.034
19   270.034
20   270.034
21   270.034
22   270.034
23   270.034
24   270.034
25   270.034
26   270.034
27   270.034
28   270.034
29   270.034
30   270.034
31   270.034
32   270.034
33   270.034
34   270.034
35   270.034
36   270.034
37   270.034
38   270.034
39   270.034
40   270.034
41   270.034
42   270.034
43   270.034
44   270.034
45   270.034
46   270.034
47   270.034
48   270.034
49   270.034
50   270.034
51   270.034
52   270.034
53   270.034
54   270.034
55   270.034
56   270.034
57   270.034
58   270.034
59   270.034
60   270.034
61   270.034
62   270.034
63   270.034
64   270.034
65   270.034
66   270.034
67   270.034
68   270.034
69   270.034
70   270.034
71   270.034
72   270.034
73   270.034
74   270.034
75   270.034
76   270.034
77   270.034
78   270.034
79   270.034
80   270.034
81   270.034
82   270.034
83   270.034
84   270.034
85   270.034
86   270.034
87   270.034
88   270.034
89   270.034
90   270.034
91   270.034
92   270.034
93   270.034
94   270.034
95   270.034
96   270.034
97   270.034
98   270.034
99   270.034
100   270.034
1   936.92
2   894.643
3   850.118
4   809.181
5   774.039
6   736.628
7   712.07
8   693.712
9   678.439
10   663.791
11   656.336
12   649.195
13   636.299
14   627.479
15   598.042
16   579.852
17   575.363
18   568.073
19   558.948
20   550.99
21   548.339
22   543.073
23   537.123
24   523.512
25   522.603
26   520.684
27   515.8
28   499.832
29   491.237
30   491.237
31   491.095
32   485.922
33   473.989
34   461.845
35   461.816
36   461.075
37   458.409
38   457.34
39   456.77
40   454.952
41   454.035
42   450.869
43   446.474
44   444.459
45   444.369
46   441.888
47   435.498
48   435.267
49   433.767
50   431.372
51   430.218
52   428.123
53   423.803
54   418.648
55   418.484
56   417.002
57   412.519
58   405.496
59   399.969
60   399.445
61   397.451
62   392.72
63   386.649
64   382.314
65   373.964
66   373.905
67   372.198
68   368.136
69   368.136
70   368.13
71   367.962
72   367.532
73   367.094
74   364.877
75   361.715
76   361.71
77   361.561
78   360.954
79   360.367
80   360.367
81   360.336
82   359.368
83   357.013
84   356.285
85   354.338
86   349.951
87   349.951
88   349.929
89   349.244
90   347.706
91   347.439
92   346.308
93   344.825
94   344.324
95   344.288
96   344.284
97   344.165
98   343.83
99   343.83
100   343.829
1   343.765
2   342.784
3   340.614
4   339.697
5   334.889
6   327.453
7   327.388
8   327.231
9   327.231
10   327.231
11   327.231
12   327.161
13   324.943
14   320.32
15   320.32
16   320.314
17   320.154
18   319.748
19   319.747
20   319.719
21   319.624
22   318.783
23   316.812
24   315.638
25   315.638
26   315.638
27   315.624
28   315.286
29   314.229
30   314.229
31   314.229
32   314.229
33   314.229
34   314.217
35   313.945
36   312.999
37   312.999
38   312.999
39   312.999
40   312.999
41   312.985
42   312.588
43   311.515
44   311.515
45   311.503
46   311.075
47   310.378
48   310.316
49   308.453
50   304.21
51   304.21
52   304.21
53   304.198
54   303.793
55   302.984
56   302.984
57   302.984
58   302.984
59   302.984
60   302.984
61   302.946
62   301.992
63   299.181
64   299.181
65   299.181
66   299.181
67   299.181
68   299.181
69   299.181
70   299.181
71   299.181
72   299.179
73   299.118
74   298.936
75   298.927
76   298.629
77   298.201
78   298.201
79   298.201
80   298.201
81   298.201
82   298.201
83   298.199
84   298.145
85   298.025
86   298.023
87   297.948
88   297.659
89   297.301
90   296.62
91   295.363
92   295.363
93   295.363
94   295.363
95   295.363
96   295.363
97   295.363
98   295.363
99   295.363
100   295.363
1   295.363
2   295.363
3   295.363
4   295.363
5   295.363
6   295.363
7   295.363
8   295.347
9   295.122
10   294.487
11   294.48
12   294.3
13   293.822
14   293.822
15   293.822
16   293.822
17   293.822
18   293.822
19   293.822
20   293.822
21   293.822
22   293.822
23   293.792
24   292.929
25   290.847
26   290.207
27   288.663
28   288.663
29   288.663
30   288.663
31   288.663
32   288.663
33   288.663
34   288.663
35   288.663
36   288.663
37   288.646
38   287.979
39   286.907
40   286.907
41   286.907
42   286.907
43   286.9
44   286.884
45   286.884
46   286.884
47   286.883
48   286.847
49   286.746
50   286.746
51   286.746
52   286.746
53   286.746
54   286.746
55   286.746
56   286.746
57   286.746
58   286.746
59   286.746
60   286.746
61   286.746
62   286.746
63   286.746
64   286.746
65   286.746
66   286.746
67   286.746
68   286.746
69   286.746
70   286.746
71   286.746
72   286.746
73   286.746
74   286.737
75   286.484
76   285.929
77   285.929
78   285.929
79   285.929
80   285.929
81   285.929
82   285.913
83   285.327
84   284.256
85   284.256
86   284.256
87   284.256
88   284.256
89   284.256
90   284.256
91   284.256
92   284.256
93   284.256
94   284.256
95   284.256
96   284.256
97   284.256
98   284.256
99   284.256
100   284.256
1   284.256
2   284.256
3   284.256
4   284.256
5   284.256
6   284.256
7   284.256
8   284.256
9   284.256
10   284.256
11   284.256
12   284.256
13   284.256
14   284.25
15   284.071
16   283.639
17   283.639
18   283.639
19   283.639
20   283.639
21   283.604
22   282.566
23   280.178
24   280.178
25   280.173
26   280.042
27   279.645
28   279.634
29   279.634
30   279.634
31   279.634
32   279.634
33   279.634
34   279.634
35   279.634
36   279.634
37   279.634
38   279.634
39   279.634
40   279.634
41   279.634
42   279.634
43   279.634
44   279.634
45   279.634
46   279.634
47   279.634
48   279.634
49   279.634
50   279.634
51   279.634
52   279.634
53   279.634
54   279.624
55   279.603
56   279.6
57   279.6
58   279.6
59   279.593
60   279.577
61   279.577
62   279.577
63   279.577
64   279.577
65   279.577
66   279.577
67   279.577
68   279.577
69   279.577
70   279.575
71   279.516
72   279.372
73   279.372
74   279.372
75   279.372
76   279.364
77   279.019
78   278.49
79   278.484
80   278.337
81   277.927
82   277.395
83   276.172
84   276.172
85   276.172
86   276.172
87   276.172
88   276.172
89   276.172
90   276.172
91   276.172
92   276.172
93   276.172
94   276.172
95   276.172
96   276.172
97   276.172
98   276.172
99   276.172
100   276.172
1   276.172
2   276.172
3   276.172
4   276.172
5   276.172
6   276.172
7   276.172
8   276.172
9   276.172
10   276.172
11   276.172
12   276.172
13   276.172
14   276.172
15   276.172
16   276.172
17   276.172
18   276.172
19   276.172
20   276.172
21   276.172
22   276.169
23   276.074
24   275.833
25   275.833
26   275.833
27   275.831
28   275.772
29   275.655
30   275.655
31   275.655
32   275.655
33   275.655
34   275.655
35   275.655
36   275.655
37   275.655
38   275.655
39   275.655
40   275.655
41   275.655
42   275.655
43   275.655
44   275.655
45   275.655
46   275.655
47   275.655
48   275.655
49   275.655
50   275.655
51   275.655
52   275.655
53   275.655
54   275.655
55   275.655
56   275.655
57   275.655
58   275.655
59   275.655
60   275.655
61   275.655
62   275.655
63   275.655
64   275.655
65   275.655
66   275.655
67   275.655
68   275.655
69   275.655
70   275.655
71   275.655
72   275.62
73   274.723
74   273.393
75   273.393
76   273.393
77   273.393
78   273.393
79   273.391
80   273.334
81   273.159
82   273.124
83   273.124
84   273.124
85   273.124
86   273.124
87   273.124
88   273.124
89   273.124
90   273.124
91   273.124
92   273.124
93   273.124
94   273.124
95   273.124
96   273.124
97   273.124
98   273.124
99   273.124
100   273.124
1   273.124
2   273.124
3   273.124
4   273.124
5   273.124
6   273.124
7   273.124
8   273.124
9   273.124
10   273.124
11   273.124
12   273.124
13   273.124
14   273.124
15   273.124
16   273.124
17   273.11
18   272.77
19   271.724
20   271.71
21   271.71
22   271.692
23   271.407
24   270.845
25   270.845
26   270.845
27   270.845
28   270.845
29   270.845
30   270.845
31   270.845
32   270.845
33   270.845
34   270.845
35   270.845
36   270.845
37   270.845
38   270.845
39   270.845
40   270.845
41   270.845
42   270.845
43   270.845
44   270.845
45   270.845
46   270.845
47   270.845
48   270.845
49   270.845
50   270.845
51   270.845
52   270.845
53   270.845
54   270.845
55   270.845
56   270.845
57   270.845
58   270.845
59   270.845
60   270.845
61   270.845
62   270.845
63   270.845
64   270.845
65   270.845
66   270.845
67   270.845
68   270.845
69   270.845
70   270.845
71   270.845
72   270.845
73   270.845
74   270.845
75   270.845
76   270.845
77   270.845
78   270.845
79   270.845
80   270.845
81   270.845
82   270.845
83   270.845
84   270.845
85   270.845
86   270.845
87   270.845
88   270.845
89   270.845
90   270.845
91   270.845
92   270.845
93   270.845
94   270.845
95   270.845
96   270.845
97   270.845
98   270.845
99   270.845
100   270.845
1   270.845
2   270.845
3   270.845
4   270.845
5   270.845
6   270.845
7   270.845
8   270.845
9   270.845
10   270.845
11   270.845
12   270.845
13   270.845
14   270.845
15   270.845
16   270.845
17   270.845
18   270.845
19   270.845
20   270.845
21   270.845
22   270.845
23   270.845
24   270.845
25   270.845
26   270.845
27   270.845
28   270.845
29   270.845
30   270.845
31   270.845
32   270.845
33   270.845
34   270.845
35   270.845
36   270.845
37   270.845
38   270.845
39   270.845
40   270.845
41   270.845
42   270.845
43   270.845
44   270.845
45   270.845
46   270.845
47   270.845
48   270.845
49   270.845
50   270.845
51   270.845
52   270.845
53   270.845
54   270.845
55   270.845
56   270.845
57   270.845
58   270.845
59   270.845
60   270.845
61   270.845
62   270.845
63   270.845
64   270.845
65   270.845
66   270.845
67   270.845
68   270.845
69   270.845
70   270.845
71   270.845
72   270.845
73   270.845
74   270.845
75   270.845
76   270.845
77   270.845
78   270.845
79   270.845
80   270.845
81   270.845
82   270.845
83   270.845
84   270.845
85   270.845
86   270.845
87   270.845
88   270.845
89   270.845
90   270.845
91   270.845
92   270.845
93   270.845
94   270.845
95   270.845
96   270.845
97   270.845
98   270.845
99   270.845
100   270.845
1   270.845
2   270.845
3   270.845
4   270.845
5   270.845
6   270.845
7   270.845
8   270.845
9   270.845
10   270.845
11   270.845
12   270.845
13   270.845
14   270.845
15   270.845
16   270.845
17   270.845
18   270.845
19   270.845
20   270.845
21   270.845
22   270.845
23   270.845
24   270.845
25   270.845
26   270.845
27   270.845
28   270.845
29   270.845
30   270.845
31   270.845
32   270.845
33   270.845
34   270.845
35   270.845
36   270.845
37   270.845
38   270.845
39   270.845
40   270.845
41   270.845
42   270.845
43   270.845
44   270.845
45   270.845
46   270.845
47   270.845
48   270.845
49   270.845
50   270.845
51   270.845
52   270.845
53   270.845
54   270.845
55   270.845
56   270.845
57   270.845
58   270.845
59   270.845
60   270.845
61   270.845
62   270.845
63   270.845
64   270.845
65   270.845
66   270.845
67   270.845
68   270.845
69   270.845
70   270.845
71   270.845
72   270.845
73   270.845
74   270.845
75   270.845
76   270.845
77   270.845
78   270.845
79   270.845
80   270.845
81   270.845
82   270.845
83   270.845
84   270.845
85   270.845
86   270.845
87   270.845
88   270.845
89   270.845
90   270.845
91   270.845
92   270.845
93   270.845
94   270.845
95   270.845
96   270.845
97   270.845
98   270.845
99   270.845
100   270.845
1   270.845
2   270.845
3   270.845
4   270.845
5   270.845
6   270.845
7   270.845
8   270.845
9   270.845
10   270.845
11   270.845
12   270.845
13   270.845
14   270.845
15   270.845
16   270.845
17   270.845
18   270.845
19   270.845
20   270.845
21   270.845
22   270.845
23   270.845
24   270.845
25   270.845
26   270.845
27   270.845
28   270.845
29   270.845
30   270.845
31   270.845
32   270.845
33   270.845
34   270.845
35   270.845
36   270.845
37   270.845
38   270.845
39   270.845
40   270.845
41   270.845
42   270.845
43   270.845
44   270.845
45   270.845
46   270.845
47   270.845
48   270.845
49   270.845
50   270.845
51   270.845
52   270.845
53   270.845
54   270.845
55   270.845
56   270.845
57   270.845
58   270.845
59   270.845
60   270.845
61   270.845
62   270.845
63   270.845
64   270.845
65   270.845
66   270.845
67   270.845
68   270.845
69   270.845
70   270.845
71   270.845
72   270.845
73   270.845
74   270.845
75   270.845
76   270.845
77   270.845
78   270.845
79   270.845
80   270.845
81   270.845
82   270.845
83   270.845
84   270.845
85   270.845
86   270.845
87   270.845
88   270.845
89   270.845
90   270.845
91   270.845
92   270.845
93   270.845
94   270.845
95   270.845
96   270.845
97   270.845
98   270.845
99   270.845
100   270.845
1   270.845
2   270.845
3   270.845
4   270.845
5   270.845
6   270.845
7   270.845
8   270.845
9   270.845
10   270.845
11   270.845
12   270.845
13   270.845
14   270.845
15   270.845
16   270.845
17   270.845
18   270.845
19   270.845
20   270.845
21   270.845
22   270.845
23   270.845
24   270.845
25   270.845
26   270.845
27   270.845
28   270.845
29   270.845
30   270.845
31   270.845
32   270.845
33   270.845
34   270.845
35   270.845
36   270.845
37   270.845
38   270.845
39   270.845
40   270.845
41   270.845
42   270.845
43   270.845
44   270.845
45   270.845
46   270.845
47   270.845
48   270.845
49   270.845
50   270.845
51   270.845
52   270.845
53   270.845
54   270.845
55   270.845
56   270.845
57   270.845
58   270.845
59   270.845
60   270.845
61   270.845
62   270.845
63   270.845
64   270.845
65   270.845
66   270.845
67   270.845
68   270.845
69   270.845
70   270.845
71   270.845
72   270.845
73   270.845
74   270.845
75   270.845
76   270.845
77   270.845
78   270.845
79   270.845
80   270.845
81   270.845
82   270.845
83   270.845
84   270.845
85   270.845
86   270.845
87   270.845
88   270.845
89   270.845
90   270.845
91   270.845
92   270.845
93   270.845
94   270.845
95   270.845
96   270.845
97   270.845
98   270.845
99   270.845
100   270.845
1   911.917
2   854.832
3   837.78
4   815.372
5   778.98
6   741.889
7   718.246
8   703.904
9   698.846
10   687.612
11   674.04
12   663.176
13   638.277
14   626.56
15   613.619
16   602.484
17   592.346
18   574.275
19   569.102
20   563.264
21   557.109
22   543.353
23   540.384
24   526.579
25   499.503
26   497.244
27   492.296
28   488.446
29   480.914
30   478.371
31   473.854
32   465.621
33   465.621
34   465.6
35   464.719
36   459.801
37   454.196
38   453.052
39   445.805
40   431.509
41   431.509
42   431.432
43   430.619
44   428.985
45   427.39
46   422.09
47   416.877
48   416.352
49   415.514
50   413.352
51   409.136
52   408.745
53   407.547
54   407.116
55   405.909
56   405.035
57   402.131
58   399.76
59   399.359
60   398.398
61   397.791
62   396.766
63   395.277
64   392.459
65   392.129
66   390.014
67   387.56
68   387.56
69   387.556
70   387.388
71   387.081
72   387.081
73   387.081
74   387.081
75   387.071
76   386.731
77   386.11
78   386.11
79   386.11
80   385.95
81   380.905
82   370.144
83   370.144
84   370.144
85   370.144
86   370.144
87   370.144
88   370.144
89   370.144
90   370.13
91   369.81
92   368.834
93   368.751
94   368.699
95   367.109
96   363.621
97   363.621
98   363.485
99   358.844
100   349.958
1   349.952
2   349.753
3   349.356
4   349.356
5   349.356
6   349.356
7   349.347
8   349.111
9   348.655
10   348.441
11   348.01
12   348.01
13   347.98
14   347.178
15   345.04
16   345.034
17   344.768
18   344.429
19   343.911
20   342.466
21   342.211
22   341.598
23   341.594
24   341.466
25   341.232
26   341.232
27   341.232
28   341.232
29   341.232
30   341.232
31   341.148
32   339.777
33   336.372
34   335.858
35   335.789
36   334.43
37   332.023
38   331.924
39   331.742
40   331.742
41   331.742
42   331.742
43   331.742
44   331.742
45   331.717
46   331.155
47   330.239
48   330.239
49   330.239
50   330.217
51   329.659
52   328.052
53   328.007
54   327.982
55   327.936
56   327.936
57   327.891
58   326.508
59   323.474
60   323.474
61   323.474
62   323.474
63   323.461
64   323.042
65   322.146
66   322.146
67   322.146
68   322.146
69   322.146
70   322.146
71   322.074
72   320.499
73   316.991
74   316.991
75   316.991
76   316.991
77   316.991
78   316.975
79   316.515
80   315.126
81   314.261
82   314.121
83   314.121
84   314.114
85   313.824
86   313.397
87   313.397
88   313.397
89   313.378
90   312.881
91   311.543
92   311.47
93   310.955
94   309.925
95   309.925
96   309.925
97   309.925
98   309.925
99   309.925
100   309.925
1   309.925
2   309.925
3   309.825
4   306.583
5   299.933
6   299.933
7   299.933
8   299.933
9   299.932
10   299.917
11   299.888
12   299.884
13   299.735
14   298.977
15   297.651
16   297.651
17   297.651
18   297.651
19   297.651
20   297.651
21   297.651
22   297.651
23   297.651
24   297.651
25   297.651
26   297.651
27   297.651
28   297.651
29   297.651
30   297.651
31   297.651
32   297.629
33   296.89
34   295.478
35   295.478
36   295.478
37   295.478
38   295.478
39   295.478
40   295.478
41   295.478
42   295.478
43   295.478
44   295.478
45   295.478
46   295.478
47   295.478
48   295.477
49   295.453
50   295.397
51   295.38
52   294.911
53   293.723
54   293.723
55   293.723
56   293.723
57   293.723
58   293.723
59   293.723
60   293.723
61   293.681
62   292.64
63   289.557
64   289.557
65   289.557
66   289.557
67   289.557
68   289.557
69   289.557
70   289.557
71   289.557
72   289.557
73   289.506
74   287.791
75   284.512
76   284.512
77   284.512
78   284.512
79   284.512
80   284.512
81   284.512
82   284.512
83   284.512
84   284.512
85   284.512
86   284.512
87   284.512
88   284.512
89   284.512
90   284.512
91   284.512
92   284.512
93   284.512
94   284.512
95   284.512
96   284.504
97   284.218
98   283.696
99   283.696
100   283.696
1   283.696
2   283.696
3   283.696
4   283.696
5   283.696
6   283.696
7   283.696
8   283.696
9   283.696
10   283.696
11   283.696
12   283.696
13   283.696
14   283.696
15   283.696
16   283.696
17   283.696
18   283.696
19   283.696
20   283.696
21   283.696
22   283.696
23   283.695
24   283.665
25   283.615
26   283.615
27   283.615
28   283.615
29   283.615
30   283.615
31   283.615
32   283.615
33   283.615
34   283.615
35   283.615
36   283.615
37   283.615
38   283.615
39   283.615
40   283.615
41   283.615
42   283.615
43   283.615
44   283.615
45   283.615
46   283.615
47   283.615
48   283.615
49   283.615
50   283.615
51   283.615
52   283.615
53   283.615
54   283.615
55   283.615
56   283.615
57   283.615
58   283.615
59   283.615
60   283.615
61   283.615
62   283.615
63   283.615
64   283.615
65   283.615
66   283.615
67   283.592
68   282.998
69   281.402
70   281.339
71   281.339
72   281.339
73   281.339
74   281.339
75   281.339
76   281.339
77   281.339
78   281.339
79   281.339
80   281.339
81   281.339
82   281.339
83   281.339
84   281.339
85   281.339
86   281.339
87   281.339
88   281.339
89   281.339
90   281.339
91   281.339
92   281.339
93   281.339
94   281.339
95   281.339
96   281.339
97   281.339
98   281.339
99   281.339
100   281.339
1   281.339
2   281.339
3   281.339
4   281.339
5   281.339
6   281.339
7   281.339
8   281.339
9   281.339
10   281.339
11   281.339
12   281.339
13   281.339
14   281.339
15   281.339
16   281.339
17   281.339
18   281.339
19   281.339
20   281.339
21   281.339
22   281.339
23   281.339
24   281.339
25   281.339
26   281.339
27   281.339
28   281.339
29   281.339
30   281.339
31   281.339
32   281.339
33   281.339
34   281.329
35   281.036
36   280.289
37   280.205
38   279.91
39   279.91
40   279.91
41   279.91
42   279.91
43   279.91
44   279.91
45   279.91
46   279.91
47   279.91
48   279.91
49   279.91
50   279.91
51   279.91
52   279.91
53   279.91
54   279.91
55   279.91
56   279.91
57   279.902
58   279.696
59   279.117
60   279.117
61   279.117
62   279.117
63   279.117
64   279.117
65   279.117
66   279.1
67   278.675
68   277.499
69   277.418
70   277.418
71   277.418
72   277.418
73   277.418
74   277.418
75   277.386
76   276.687
77   274.241
78   274.241
79   274.241
80   274.241
81   274.241
82   274.241
83   274.241
84   274.241
85   274.241
86   274.241
87   274.241
88   274.241
89   274.241
90   274.241
91   274.241
92   274.241
93   274.241
94   274.241
95   274.241
96   274.241
97   274.241
98   274.241
99   274.241
100   274.241
1   274.241
2   274.241
3   274.241
4   274.241
5   274.241
6   274.241
7   274.241
8   274.241
9   274.241
10   274.241
11   274.241
12   274.241
13   274.241
14   274.241
15   274.241
16   274.241
17   274.241
18   274.241
19   274.241
20   274.241
21   274.241
22   274.241
23   274.241
24   274.241
25   274.241
26   274.241
27   274.241
28   274.241
29   274.241
30   274.241
31   274.241
32   274.241
33   274.241
34   274.241
35   274.241
36   274.241
37   274.241
38   274.241
39   274.241
40   274.241
41   274.241
42   274.241
43   274.241
44   274.241
45   274.241
46   274.241
47   274.241
48   274.241
49   274.241
50   274.241
51   274.241
52   274.241
53   274.241
54   274.241
55   274.241
56   274.241
57   274.241
58   274.241
59   274.241
60   274.241
61   274.241
62   274.241
63   274.241
64   274.241
65   274.241
66   274.241
67   274.241
68   274.241
69   274.241
70   274.241
71   274.241
72   274.241
73   274.241
74   274.241
75   274.241
76   274.241
77   274.241
78   274.241
79   274.241
80   274.241
81   274.241
82   274.241
83   274.241
84   274.241
85   274.241
86   274.241
87   274.241
88   274.241
89   274.241
90   274.241
91   274.241
92   274.241
93   274.241
94   274.241
95   274.241
96   274.241
97   274.241
98   274.241
99   274.241
100   274.241
1   274.241
2   274.241
3   274.241
4   274.241
5   274.241
6   274.241
7   274.241
8   274.241
9   274.241
10   274.241
11   274.241
12   274.241
13   274.241
14   274.241
15   274.241
16   274.241
17   274.241
18   274.241
19   274.241
20   274.241
21   274.241
22   274.241
23   274.241
24   274.241
25   274.241
26   274.241
27   274.241
28   274.241
29   274.241
30   274.241
31   274.241
32   274.241
33   274.241
34   274.241
35   274.241
36   274.241
37   274.241
38   274.241
39   274.241
40   274.241
41   274.241
42   274.241
43   274.241
44   274.241
45   274.241
46   274.241
47   274.241
48   274.241
49   274.241
50   274.241
51   274.241
52   274.241
53   274.241
54   274.241
55   274.241
56   274.241
57   274.241
58   274.241
59   274.241
60   274.241
61   274.241
62   274.241
63   274.241
64   274.241
65   274.241
66   274.241
67   274.241
68   274.241
69   274.241
70   274.241
71   274.241
72   274.241
73   274.241
74   274.241
75   274.241
76   274.241
77   274.241
78   274.241
79   274.241
80   274.241
81   274.241
82   274.241
83   274.241
84   274.241
85   274.241
86   274.241
87   274.241
88   274.241
89   274.241
90   274.241
91   274.241
92   274.241
93   274.241
94   274.241
95   274.241
96   274.241
97   274.241
98   274.241
99   274.241
100   274.241
1   274.241
2   274.241
3   274.241
4   274.241
5   274.241
6   274.241
7   274.241
8   274.241
9   274.241
10   274.241
11   274.241
12   274.241
13   274.241
14   274.241
15   274.241
16   274.241
17   274.241
18   274.241
19   274.241
20   274.241
21   274.241
22   274.241
23   274.241
24   274.241
25   274.241
26   274.241
27   274.241
28   274.241
29   274.241
30   274.241
31   274.241
32   274.241
33   274.241
34   274.241
35   274.241
36   274.241
37   274.241
38   274.241
39   274.241
40   274.241
41   274.241
42   274.241
43   274.241
44   274.241
45   274.241
46   274.241
47   274.241
48   274.241
49   274.241
50   274.241
51   274.241
52   274.241
53   274.241
54   274.241
55   274.241
56   274.241
57   274.241
58   274.241
59   274.241
60   274.241
61   274.241
62   274.241
63   274.241
64   274.241
65   274.241
66   274.241
67   274.241
68   274.241
69   274.241
70   274.241
71   274.241
72   274.241
73   274.241
74   274.241
75   274.241
76   274.241
77   274.241
78   274.241
79   274.241
80   274.241
81   274.241
82   274.241
83   274.241
84   274.241
85   274.241
86   274.241
87   274.241
88   274.241
89   274.241
90   274.241
91   274.24
92   274.229
93   274.196
94   274.196
95   274.196
96   274.196
97   274.196
98   274.196
99   274.196
100   274.196
1   274.196
2   274.196
3   274.196
4   274.196
5   274.196
6   274.196
7   274.18
8   273.78
9   272.598
10   272.598
11   272.598
12   272.598
13   272.598
14   272.598
15   272.598
16   272.598
17   272.598
18   272.598
19   272.598
20   272.598
21   272.598
22   272.598
23   272.598
24   272.598
25   272.598
26   272.598
27   272.598
28   272.598
29   272.598
30   272.598
31   272.598
32   272.598
33   272.598
34   272.598
35   272.598
36   272.598
37   272.598
38   272.598
39   272.598
40   272.598
41   272.598
42   272.598
43   272.598
44   272.598
45   272.585
46   272.221
47   271.253
48   271.253
49   271.253
50   271.253
51   271.253
52   271.253
53   271.253
54   271.253
55   271.253
56   271.253
57   271.253
58   271.253
59   271.253
60   271.253
61   271.253
62   271.253
63   271.253
64   271.253
65   271.253
66   271.253
67   271.253
68   271.253
69   271.253
70   271.253
71   271.253
72   271.253
73   271.253
74   271.253
75   271.253
76   271.253
77   271.253
78   271.253
79   271.253
80   271.253
81   271.253
82   271.253
83   271.253
84   271.253
85   271.253
86   271.253
87   271.253
88   271.253
89   271.253
90   271.253
91   271.253
92   271.253
93   271.253
94   271.253
95   271.253
96   271.253
97   271.253
98   271.253
99   271.253
100   271.253
1   271.253
2   271.253
3   271.253
4   271.253
5   271.253
6   271.253
7   271.253
8   271.253
9   271.253
10   271.253
11   271.253
12   271.253
13   271.253
14   271.253
15   271.253
16   271.253
17   271.253
18   271.253
19   271.253
20   271.253
21   271.253
22   271.253
23   271.253
24   271.253
25   271.253
26   271.253
27   271.253
28   271.253
29   271.253
30   271.253
31   271.253
32   271.253
33   271.253
34   271.253
35   271.253
36   271.253
37   271.253
38   271.253
39   271.253
40   271.253
41   271.253
42   271.253
43   271.253
44   271.253
45   271.253
46   271.253
47   271.253
48   271.253
49   271.253
50   271.253
51   271.253
52   271.253
53   271.253
54   271.253
55   271.253
56   271.253
57   271.253
58   271.253
59   271.253
60   271.253
61   271.253
62   271.253
63   271.253
64   271.253
65   271.253
66   271.253
67   271.253
68   271.253
69   271.253
70   271.253
71   271.253
72   271.253
73   271.253
74   271.253
75   271.253
76   271.253
77   271.253
78   271.253
79   271.253
80   271.253
81   271.253
82   271.253
83   271.253
84   271.253
85   271.253
86   271.253
87   271.253
88   271.253
89   271.253
90   271.253
91   271.253
92   271.253
93   271.253
94   271.253
95   271.253
96   271.253
97   271.253
98   271.253
99   271.253
100   271.253
1   955.516
2   919.239
3   869.326
4   807.597
5   748.642
6   743.562
7   726.264
8   707.963
9   691.296
10   676.473
11   655.918
12   621.705
13   600.407
14   600.15
15   598.041
16   591.101
17   580.759
18   567.034
19   557.002
20   550.707
21   539.331
22   526.947
23   517.267
24   505.632
25   500.165
26   489.733
27   486.486
28   478.148
29   469.596
30   469.176
31   464.676
32   457.944
33   455.962
34   455.699
35   453.853
36   445.724
37   436.385
38   430.601
39   430.583
40   430.073
41   428.862
42   428.355
43   427.505
44   426.151
45   424.204
46   423.918
47   419.966
48   412.758
49   410.68
50   405.29
51   403.51
52   400.557
53   400.557
54   400.537
55   400.142
56   398.718
57   397.222
58   395.061
59   393.765
60   391.729
61   391.654
62   390.215
63   386.293
64   383.559
65   381.061
66   379.568
67   376.322
68   376.054
69   375.632
70   375.383
71   375.049
72   373.236
73   369.768
74   369.768
75   369.768
76   369.705
77   367.927
78   363.532
79   363.494
80   362.355
81   359.682
82   358.292
83   354.915
84   354.55
85   351.157
86   343.821
87   343.819
88   343.737
89   343.579
90   343.55
91   342.649
92   340.219
93   338.947
94   338.883
95   336.987
96   334.057
97   334.054
98   333.96
99   333.72
100   333.687
1   332.495
2   330.337
3   328.039
4   323.214
5   323.214
6   323.214
7   323.214
8   323.214
9   323.214
10   323.214
11   323.117
12   321.348
13   317.674
14   317.662
15   317.284
16   316.491
17   316.482
18   316.222
19   315.645
20   315.545
21   315.185
22   314.057
23   313.927
24   313.927
25   313.908
26   313.452
27   312.085
28   311.449
29   310.302
30   309.692
31   308.469
32   306.329
33   303.037
34   303.03
35   302.792
36   302.317
37   302.317
38   302.317
39   302.317
40   302.317
41   302.276
42   300.71
43   298.233
44   298.233
45   298.233
46   298.233
47   298.233
48   298.233
49   298.233
50   298.233
51   298.233
52   298.233
53   298.233
54   298.233
55   298.233
56   298.233
57   298.233
58   298.233
59   298.233
60   298.233
61   298.23
62   298.17
63   298.016
64   298.016
65   298.016
66   298.016
67   298.016
68   298.016
69   298.016
70   298.014
71   297.923
72   297.74
73   297.74
74   297.74
75   297.74
76   297.728
77   297.353
78   296.529
79   296.517
80   296.477
81   296.476
82   296.476
83   296.476
84   296.466
85   296.053
86   295.418
87   295.418
88   295.417
89   295.387
90   295.301
91   295.288
92   295.288
93   295.288
94   295.288
95   295.288
96   295.288
97   295.288
98   295.288
99   295.288
100   295.288
1   295.288
2   295.288
3   295.288
4   295.288
5   295.288
6   295.288
7   295.288
8   295.288
9   295.248
10   294.199
11   291.355
12   291.355
13   291.355
14   291.355
15   291.355
16   291.355
17   291.355
18   291.355
19   291.35
20   291.195
21   290.884
22   290.884
23   290.884
24   290.884
25   290.884
26   290.868
27   290.839
28   290.839
29   290.839
30   290.839
31   290.839
32   290.839
33   290.839
34   290.839
35   290.822
36   290.306
37   289.175
38   289.175
39   289.175
40   289.175
41   289.175
42   289.175
43   289.175
44   289.175
45   289.175
46   289.175
47   289.175
48   289.175
49   289.175
50   289.175
51   289.175
52   289.175
53   289.175
54   289.175
55   289.175
56   289.144
57   288.214
58   286.173
59   286.173
60   286.173
61   286.173
62   286.173
63   286.163
64   285.855
65   285.173
66   284.989
67   284.5
68   284.5
69   284.5
70   284.5
71   284.5
72   284.5
73   284.5
74   284.5
75   284.5
76   284.5
77   284.5
78   284.437
79   283.33
80   281.339
81   281.339
82   281.339
83   281.339
84   281.339
85   281.339
86   281.339
87   281.339
88   281.339
89   281.339
90   281.339
91   281.339
92   281.339
93   281.339
94   281.339
95   281.339
96   281.339
97   281.339
98   281.339
99   281.339
100   281.339
1   281.339
2   281.339
3   281.339
4   281.339
5   281.339
6   281.339
7   281.339
8   281.339
9   281.339
10   281.339
11   281.339
12   281.339
13   281.339
14   281.339
15   281.339
16   281.339
17   281.339
18   281.339
19   281.339
20   281.339
21   281.339
22   281.339
23   281.339
24   281.339
25   281.339
26   281.339
27   281.339
28   281.339
29   281.339
30   281.339
31   281.339
32   281.339
33   281.339
34   281.339
35   281.339
36   281.339
37   281.339
38   281.339
39   281.339
40   281.339
41   281.339
42   281.339
43   281.339
44   281.339
45   281.339
46   281.339
47   281.339
48   281.339
49   281.339
50   281.339
51   281.339
52   281.339
53   281.334
54   281.18
55   280.826
56   280.826
57   280.826
58   280.826
59   280.826
60   280.826
61   280.826
62   280.826
63   280.826
64   280.826
65   280.826
66   280.826
67   280.826
68   280.826
69   280.826
70   280.826
71   280.793
72   279.607
73   277.531
74   277.531
75   277.531
76   277.531
77   277.531
78   277.531
79   277.531
80   277.531
81   277.531
82   277.531
83   277.531
84   277.531
85   277.531
86   277.531
87   277.531
88   277.531
89   277.531
90   277.531
91   277.531
92   277.531
93   277.531
94   277.531
95   277.531
96   277.531
97   277.531
98   277.531
99   277.531
100   277.531
1   277.531
2   277.528
3   277.428
4   277.207
5   277.207
6   277.207
7   277.207
8   277.207
9   277.207
10   277.207
11   277.207
12   277.207
13   277.207
14   277.207
15   277.207
16   277.207
17   277.207
18   277.207
19   277.177
20   276.304
21   274.196
22   274.196
23   274.196
24   274.196
25   274.196
26   274.196
27   274.196
28   274.196
29   274.196
30   274.196
31   274.196
32   274.196
33   274.196
34   274.196
35   274.196
36   274.196
37   274.196
38   274.196
39   274.196
40   274.196
41   274.196
42   274.196
43   274.196
44   274.196
45   274.196
46   274.196
47   274.196
48   274.196
49   274.196
50   274.196
51   274.196
52   274.196
53   274.196
54   274.196
55   274.196
56   274.196
57   274.196
58   274.196
59   274.196
60   274.196
61   274.196
62   274.196
63   274.196
64   274.196
65   274.196
66   274.196
67   274.196
68   274.196
69   274.196
70   274.196
71   274.196
72   274.196
73   274.196
74   274.196
75   274.196
76   274.196
77   274.196
78   274.196
79   274.196
80   274.196
81   274.196
82   274.196
83   274.196
84   274.196
85   274.196
86   274.196
87   274.196
88   274.196
89   274.196
90   274.196
91   274.196
92   274.196
93   274.196
94   274.196
95   274.196
96   274.196
97   274.196
98   274.196
99   274.196
100   274.196
1   274.196
2   274.196
3   274.196
4   274.196
5   274.196
6   274.196
7   274.196
8   274.196
9   274.196
10   274.196
11   274.196
12   274.196
13   274.196
14   274.196
15   274.196
16   274.196
17   274.196
18   274.196
19   274.196
20   274.196
21   274.196
22   274.196
23   274.196
24   274.196
25   274.196
26   274.196
27   274.196
28   274.196
29   274.196
30   274.196
31   274.196
32   274.196
33   274.196
34   274.196
35   274.196
36   274.196
37   274.196
38   274.196
39   274.196
40   274.196
41   274.196
42   274.196
43   274.196
44   274.196
45   274.196
46   274.196
47   274.196
48   274.196
49   274.196
50   274.196
51   274.196
52   274.196
53   274.196
54   274.196
55   274.196
56   274.196
57   274.196
58   274.196
59   274.196
60   274.196
61   274.196
62   274.196
63   274.196
64   274.196
65   274.196
66   274.196
67   274.196
68   274.196
69   274.196
70   274.196
71   274.196
72   274.196
73   274.196
74   274.196
75   274.196
76   274.196
77   274.196
78   274.196
79   274.196
80   274.196
81   274.196
82   274.196
83   274.196
84   274.196
85   274.196
86   274.196
87   274.196
88   274.196
89   274.196
90   274.196
91   274.196
92   274.196
93   274.196
94   274.196
95   274.196
96   274.196
97   274.196
98   274.196
99   274.196
100   274.196
1   274.196
2   274.196
3   274.196
4   274.196
5   274.196
6   274.196
7   274.196
8   274.196
9   274.196
10   274.196
11   274.196
12   274.196
13   274.196
14   274.196
15   274.196
16   274.196
17   274.196
18   274.196
19   274.196
20   274.196
21   274.196
22   274.196
23   274.196
24   274.196
25   274.196
26   274.196
27   274.196
28   274.196
29   274.196
30   274.196
31   274.196
32   274.196
33   274.196
34   274.196
35   274.196
36   274.196
37   274.196
38   274.196
39   274.196
40   274.196
41   274.196
42   274.196
43   274.196
44   274.196
45   274.196
46   274.196
47   274.196
48   274.196
49   274.196
50   274.196
51   274.196
52   274.196
53   274.196
54   274.196
55   274.19
56   274.039
57   273.673
58   273.673
59   273.673
60   273.673
61   273.673
62   273.673
63   273.673
64   273.673
65   273.673
66   273.673
67   273.673
68   273.673
69   273.673
70   273.673
71   273.673
72   273.673
73   273.673
74   273.673
75   273.673
76   273.673
77   273.673
78   273.673
79   273.673
80   273.673
81   273.673
82   273.673
83   273.673
84   273.673
85   273.673
86   273.673
87   273.673
88   273.673
89   273.673
90   273.673
91   273.673
92   273.673
93   273.673
94   273.673
95   273.673
96   273.673
97   273.673
98   273.673
99   273.673
100   273.673
1   273.673
2   273.673
3   273.673
4   273.673
5   273.633
6   272.626
7   269.646
8   269.646
9   269.646
10   269.646
11   269.646
12   269.646
13   269.646
14   269.646
15   269.646
16   269.646
17   269.646
18   269.646
19   269.646
20   269.646
21   269.646
22   269.646
23   269.646
24   269.646
25   269.646
26   269.646
27   269.646
28   269.646
29   269.646
30   269.646
31   269.646
32   269.646
33   269.646
34   269.646
35   269.646
36   269.646
37   269.646
38   269.646
39   269.646
40   269.646
41   269.646
42   269.646
43   269.646
44   269.646
45   269.646
46   269.646
47   269.646
48   269.646
49   269.646
50   269.646
51   269.646
52   269.646
53   269.646
54   269.646
55   269.646
56   269.646
57   269.646
58   269.646
59   269.646
60   269.646
61   269.646
62   269.646
63   269.646
64   269.646
65   269.646
66   269.646
67   269.646
68   269.646
69   269.646
70   269.646
71   269.646
72   269.646
73   269.646
74   269.646
75   269.646
76   269.646
77   269.646
78   269.646
79   269.646
80   269.646
81   269.646
82   269.646
83   269.646
84   269.646
85   269.646
86   269.646
87   269.646
88   269.646
89   269.646
90   269.646
91   269.646
92   269.646
93   269.646
94   269.646
95   269.646
96   269.646
97   269.646
98   269.646
99   269.646
100   269.646
1   269.646
2   269.646
3   269.646
4   269.646
5   269.646
6   269.646
7   269.646
8   269.646
9   269.646
10   269.646
11   269.646
12   269.646
13   269.646
14   269.646
15   269.646
16   269.646
17   269.646
18   269.646
19   269.646
20   269.646
21   269.646
22   269.646
23   269.646
24   269.646
25   269.646
26   269.646
27   269.646
28   269.646
29   269.646
30   269.646
31   269.646
32   269.646
33   269.646
34   269.646
35   269.646
36   269.646
37   269.646
38   269.646
39   269.646
40   269.646
41   269.646
42   269.646
43   269.646
44   269.646
45   269.646
46   269.646
47   269.646
48   269.646
49   269.646
50   269.646
51   269.646
52   269.646
53   269.646
54   269.646
55   269.646
56   269.646
57   269.646
58   269.646
59   269.646
60   269.646
61   269.646
62   269.646
63   269.646
64   269.646
65   269.646
66   269.646
67   269.646
68   269.646
69   269.646
70   269.646
71   269.646
72   269.646
73   269.646
74   269.646
75   269.646
76   269.646
77   269.646
78   269.646
79   269.646
80   269.646
81   269.646
82   269.646
83   269.646
84   269.646
85   269.646
86   269.646
87   269.646
88   269.646
89   269.646
90   269.646
91   269.646
92   269.646
93   269.646
94   269.646
95   269.646
96   269.646
97   269.646
98   269.646
99   269.646
100   269.646
1   269.646
2   269.646
3   269.646
4   269.646
5   269.646
6   269.646
7   269.646
8   269.646
9   269.646
10   269.646
11   269.646
12   269.646
13   269.646
14   269.646
15   269.646
16   269.646
17   269.646
18   269.646
19   269.646
20   269.646
21   269.646
22   269.646
23   269.646
24   269.646
25   269.646
26   269.646
27   269.646
28   269.646
29   269.646
30   269.646
31   269.646
32   269.646
33   269.646
34   269.646
35   269.646
36   269.646
37   269.646
38   269.646
39   269.646
40   269.646
41   269.646
42   269.646
43   269.646
44   269.646
45   269.646
46   269.646
47   269.646
48   269.646
49   269.646
50   269.646
51   269.646
52   269.646
53   269.646
54   269.646
55   269.646
56   269.646
57   269.646
58   269.646
59   269.646
60   269.646
61   269.646
62   269.646
63   269.646
64   269.646
65   269.646
66   269.646
67   269.646
68   269.646
69   269.646
70   269.646
71   269.646
72   269.646
73   269.646
74   269.646
75   269.646
76   269.646
77   269.646
78   269.646
79   269.646
80   269.646
81   269.646
82   269.646
83   269.646
84   269.646
85   269.646
86   269.646
87   269.646
88   269.646
89   269.646
90   269.646
91   269.646
92   269.646
93   269.646
94   269.646
95   269.646
96   269.646
97   269.646
98   269.646
99   269.646
100   269.646
1   954.578
2   886.538
3   830.312
4   804.77
5   775.177
6   745.725
7   728.268
8   708.756
9   689.929
10   665.228
11   640.264
12   621.722
13   597.708
14   586.486
15   578.19
16   563.383
17   548.894
18   545.736
19   538.341
20   531.602
21   529.318
22   520.769
23   518.016
24   512.499
25   503.494
26   490.975
27   490.92
28   489.606
29   485.018
30   482.274
31   477.418
32   471.661
33   463.237
34   458.713
35   456.956
36   456.889
37   454.6
38   450.495
39   450.415
40   450.373
41   448.819
42   442.878
43   435.406
44   432.416
45   423.374
46   419.822
47   411.324
48   408.973
49   400.752
50   400.311
51   399.526
52   396.406
53   388.762
54   388.541
55   385.683
56   380.859
57   380.323
58   376.426
59   371.6
60   370.325
61   369.065
62   367.601
63   363.915
64   363.914
65   363.879
66   363.779
67   362.244
68   355.135
69   346.697
70   346.202
71   346.202
72   346.202
73   346.202
74   346.175
75   345.229
76   343.479
77   343.479
78   343.421
79   342.061
80   338.53
81   338.387
82   338.374
83   337.918
84   336.963
85   336.748
86   336.722
87   336.182
88   334.85
89   334.582
90   331.429
91   324.859
92   324.854
93   324.714
94   324.373
95   324.373
96   324.373
97   324.373
98   324.355
99   323.9
100   322.791
1   322.734
2   320.701
3   316.789
4   315.589
5   315.559
6   314.599
7   312.588
8   312.588
9   312.588
10   312.546
11   311.289
12   309.635
13   309.613
14   308.799
15   307.468
16   307.468
17   307.468
18   307.447
19   307.032
20   305.504
21   304.653
22   304.645
23   304.645
24   304.585
25   302.428
26   298.653
27   298.653
28   298.643
29   298.378
30   297.737
31   297.737
32   297.737
33   297.737
34   297.737
35   297.737
36   297.735
37   297.657
38   296.84
39   295.632
40   295.632
41   295.632
42   295.632
43   295.632
44   295.632
45   295.632
46   295.632
47   295.632
48   295.632
49   295.632
50   295.622
51   295.362
52   294.634
53   294.593
54   294.57
55   294.033
56   292.468
57   292.356
58   292.356
59   292.356
60   292.348
61   292.041
62   291.54
63   291.54
64   291.54
65   291.54
66   291.54
67   291.54
68   291.496
69   290.186
70   287.172
71   287.171
72   287.148
73   287.09
74   287.09
75   287.09
76   287.09
77   287.09
78   287.084
79   286.89
80   286.55
81   286.55
82   286.55
83   286.55
84   286.55
85   286.55
86   286.55
87   286.55
88   286.55
89   286.55
90   286.55
91   286.55
92   286.55
93   286.548
94   286.485
95   286.326
96   286.322
97   286.194
98   285.989
99   285.989
100   285.989
1   285.989
2   285.989
3   285.989
4   285.989
5   285.989
6   285.989
7   285.989
8   285.989
9   285.989
10   285.989
11   285.989
12   285.989
13   285.989
14   285.989
15   285.989
16   285.989
17   285.989
18   285.989
19   285.989
20   285.989
21   285.989
22   285.989
23   285.989
24   285.989
25   285.989
26   285.989
27   285.989
28   285.989
29   285.989
30   285.989
31   285.989
32   285.989
33   285.989
34   285.989
35   285.989
36   285.989
37   285.989
38   285.989
39   285.989
40   285.965
41   285.276
42   283.626
43   283.626
44   283.626
45   283.626
46   283.626
47   283.621
48   283.456
49   283.038
50   283.038
51   283.038
52   283.038
53   283.038
54   283.038
55   283.038
56   283.038
57   283.038
58   283.038
59   283.038
60   283.038
61   283.038
62   283.038
63   283.038
64   283.038
65   283.038
66   283.038
67   283.038
68   283.038
69   283.038
70   283.038
71   283.016
72   282.258
73   280.871
74   280.871
75   280.871
76   280.871
77   280.871
78   280.871
79   280.871
80   280.87
81   280.855
82   280.805
83   280.803
84   280.795
85   280.782
86   280.782
87   280.782
88   280.782
89   280.782
90   280.782
91   280.782
92   280.782
93   280.782
94   280.782
95   280.782
96   280.782
97   280.782
98   280.782
99   280.782
100   280.782
1   280.782
2   280.782
3   280.782
4   280.782
5   280.782
6   280.782
7   280.782
8   280.782
9   280.782
10   280.782
11   280.782
12   280.782
13   280.782
14   280.782
15   280.782
16   280.782
17   280.782
18   280.782
19   280.782
20   280.782
21   280.782
22   280.782
23   280.782
24   280.782
25   280.782
26   280.782
27   280.782
28   280.782
29   280.782
30   280.782
31   280.782
32   280.782
33   280.782
34   280.782
35   280.782
36   280.782
37   280.782
38   280.782
39   280.782
40   280.782
41   280.782
42   280.782
43   280.782
44   280.782
45   280.782
46   280.782
47   280.782
48   280.782
49   280.782
50   280.782
51   280.782
52   280.782
53   280.782
54   280.782
55   280.782
56   280.782
57   280.782
58   280.782
59   280.782
60   280.775
61   280.539
62   280.028
63   280.028
64   280.028
65   280.028
66   280.028
67   280.028
68   280.028
69   280.028
70   280.028
71   280.028
72   280.028
73   280.028
74   280.028
75   280.028
76   280.028
77   280.028
78   280.028
79   280.028
80   280.028
81   280.028
82   280.028
83   280.028
84   280.028
85   280.028
86   280.028
87   280.028
88   280.028
89   280.028
90   280.028
91   280.028
92   280.028
93   280.028
94   280.028
95   280.028
96   280.028
97   280.028
98   280.028
99   280.028
100   280.028
1   280.028
2   280.028
3   280.028
4   280.028
5   280.028
6   280.028
7   280.028
8   280.028
9   280.028
10   280.028
11   280.028
12   280.028
13   280.028
14   280.028
15   280.028
16   280.028
17   280.028
18   280.028
19   280.028
20   280.028
21   280.028
22   280.028
23   280.028
24   280.028
25   280.028
26   280.028
27   280.028
28   280.028
29   280.028
30   280.028
31   280.028
32   280.028
33   280.028
34   280.028
35   280.028
36   280.028
37   280.028
38   280.028
39   280.028
40   280.028
41   280.028
42   280.028
43   280.018
44   279.787
45   279.064
46   279.064
47   279.064
48   279.064
49   279.064
50   279.064
51   279.064
52   279.064
53   279.064
54   279.064
55   279.064
56   279.064
57   279.064
58   279.064
59   279.064
60   279.064
61   279.064
62   279.064
63   279.064
64   279.064
65   279.064
66   279.064
67   279.064
68   279.064
69   279.064
70   279.064
71   279.064
72   279.064
73   279.054
74   278.822
75   278.056
76   278.056
77   278.056
78   278.056
79   278.056
80   278.056
81   278.056
82   278.056
83   278.056
84   278.056
85   278.056
86   278.056
87   278.056
88   278.056
89   278.056
90   278.056
91   278.056
92   278.056
93   278.056
94   278.056
95   278.056
96   278.056
97   278.056
98   278.056
99   278.056
100   278.056
1   278.056
2   278.056
3   278.056
4   278.056
5   278.056
6   278.056
7   278.056
8   278.056
9   278.056
10   278.056
11   278.056
12   278.056
13   278.056
14   278.056
15   278.056
16   278.056
17   278.056
18   278.056
19   278.056
20   278.056
21   278.056
22   278.056
23   278.056
24   278.056
25   278.056
26   278.056
27   278.056
28   278.056
29   278.056
30   278.056
31   278.056
32   278.056
33   278.056
34   278.056
35   278.056
36   278.056
37   278.056
38   278.056
39   278.056
40   278.056
41   278.056
42   278.056
43   278.056
44   278.056
45   278.056
46   278.056
47   278.056
48   278.056
49   278.056
50   278.056
51   278.056
52   278.056
53   278.056
54   278.056
55   278.056
56   278.056
57   278.056
58   278.056
59   278.056
60   278.056
61   278.056
62   278.056
63   278.056
64   278.056
65   278.056
66   278.056
67   278.056
68   278.056
69   278.056
70   278.056
71   278.056
72   278.056
73   278.056
74   278.056
75   278.056
76   278.056
77   278.056
78   278.056
79   278.056
80   278.056
81   278.056
82   278.056
83   278.056
84   278.056
85   278.056
86   278.056
87   278.056
88   278.056
89   278.056
90   278.056
91   278.056
92   278.056
93   278.056
94   278.056
95   278.056
96   278.056
97   278.056
98   278.056
99   278.056
100   278.056
1   278.056
2   278.056
3   278.056
4   278.056
5   278.056
6   278.056
7   278.056
8   278.056
9   278.056
10   278.056
11   278.056
12   278.052
13   277.941
14   277.684
15   277.684
16   277.684
17   277.684
18   277.684
19   277.684
20   277.684
21   277.684
22   277.664
23   277.003
24   275.681
25   275.681
26   275.681
27   275.681
28   275.681
29   275.681
30   275.681
31   275.681
32   275.681
33   275.681
34   275.681
35   275.681
36   275.681
37   275.681
38   275.681
39   275.681
40   275.681
41   275.681
42   275.681
43   275.681
44   275.681
45   275.681
46   275.681
47   275.681
48   275.681
49   275.681
50   275.681
51   275.681
52   275.647
53   274.82
54   272.237
55   272.237
56   272.237
57   272.237
58   272.237
59   272.237
60   272.237
61   272.237
62   272.237
63   272.237
64   272.237
65   272.237
66   272.237
67   272.237
68   272.237
69   272.237
70   272.225
71   272.192
72   272.192
73   272.192
74   272.192
75   272.192
76   272.192
77   272.192
78   272.192
79   272.192
80   272.192
81   272.192
82   272.192
83   272.192
84   272.192
85   272.192
86   272.192
87   272.192
88   272.192
89   272.192
90   272.192
91   272.192
92   272.192
93   272.192
94   272.192
95   272.192
96   272.192
97   272.192
98   272.192
99   272.192
100   272.192
1   272.192
2   272.192
3   272.192
4   272.192
5   272.192
6   272.192
7   272.192
8   272.192
9   272.192
10   272.192
11   272.192
12   272.192
13   272.192
14   272.192
15   272.192
16   272.192
17   272.192
18   272.192
19   272.192
20   272.192
21   272.192
22   272.192
23   272.192
24   272.192
25   272.192
26   272.192
27   272.192
28   272.192
29   272.192
30   272.192
31   272.192
32   272.192
33   272.192
34   272.192
35   272.192
36   272.192
37   272.192
38   272.192
39   272.192
40   272.192
41   272.192
42   272.192
43   272.192
44   272.192
45   272.192
46   272.192
47   272.192
48   272.192
49   272.192
50   272.192
51   272.192
52   272.192
53   272.192
54   272.192
55   272.192
56   272.192
57   272.192
58   272.192
59   272.192
60   272.192
61   272.192
62   272.192
63   272.192
64   272.192
65   272.192
66   272.192
67   272.192
68   272.192
69   272.192
70   272.192
71   272.192
72   272.192
73   272.192
74   272.192
75   272.192
76   272.192
77   272.192
78   272.192
79   272.192
80   272.192
81   272.192
82   272.192
83   272.192
84   272.192
85   272.192
86   272.192
87   272.192
88   272.192
89   272.192
90   272.192
91   272.192
92   272.192
93   272.192
94   272.192
95   272.192
96   272.192
97   272.192
98   272.192
99   272.192
100   272.192
1   272.192
2   272.192
3   272.192
4   272.192
5   272.192
6   272.192
7   272.192
8   272.192
9   272.192
10   272.192
11   272.192
12   272.192
13   272.192
14   272.192
15   272.192
16   272.192
17   272.192
18   272.192
19   272.192
20   272.192
21   272.192
22   272.192
23   272.192
24   272.192
25   272.192
26   272.192
27   272.192
28   272.192
29   272.192
30   272.192
31   272.192
32   272.192
33   272.192
34   272.192
35   272.192
36   272.192
37   272.192
38   272.192
39   272.192
40   272.192
41   272.192
42   272.192
43   272.192
44   272.192
45   272.192
46   272.192
47   272.192
48   272.192
49   272.192
50   272.192
51   272.192
52   272.192
53   272.192
54   272.192
55   272.192
56   272.192
57   272.192
58   272.192
59   272.192
60   272.192
61   272.192
62   272.192
63   272.192
64   272.192
65   272.192
66   272.192
67   272.192
68   272.192
69   272.192
70   272.192
71   272.192
72   272.192
73   272.192
74   272.192
75   272.192
76   272.192
77   272.192
78   272.192
79   272.192
80   272.192
81   272.192
82   272.192
83   272.192
84   272.192
85   272.192
86   272.192
87   272.192
88   272.192
89   272.192
90   272.192
91   272.192
92   272.192
93   272.192
94   272.192
95   272.192
96   272.192
97   272.192
98   272.192
99   272.192
100   272.192
1   272.192
2   272.192
3   272.192
4   272.192
5   272.192
6   272.192
7   272.192
8   272.192
9   272.192
10   272.192
11   272.192
12   272.192
13   272.192
14   272.192
15   272.192
16   272.192
17   272.192
18   272.192
19   272.192
20   272.192
21   272.192
22   272.192
23   272.192
24   272.192
25   272.192
26   272.192
27   272.192
28   272.192
29   272.192
30   272.192
31   272.192
32   272.192
33   272.192
34   272.192
35   272.192
36   272.192
37   272.192
38   272.192
39   272.192
40   272.192
41   272.192
42   272.192
43   272.192
44   272.192
45   272.192
46   272.192
47   272.192
48   272.192
49   272.192
50   272.192
51   272.192
52   272.192
53   272.192
54   272.192
55   272.192
56   272.192
57   272.192
58   272.192
59   272.192
60   272.192
61   272.192
62   272.192
63   272.192
64   272.192
65   272.192
66   272.192
67   272.192
68   272.192
69   272.192
70   272.192
71   272.192
72   272.192
73   272.192
74   272.192
75   272.192
76   272.192
77   272.192
78   272.192
79   272.192
80   272.192
81   272.192
82   272.192
83   272.192
84   272.192
85   272.192
86   272.192
87   272.192
88   272.192
89   272.192
90   272.192
91   272.192
92   272.192
93   272.192
94   272.192
95   272.192
96   272.192
97   272.192
98   272.192
99   272.192
100   272.192
